frame_id	accel_x	accel_y	accel_z	free_accel_x	free_accel_y	free_accel_z	delta_v_x	delta_v_y	delta_v_z	delta_q_w	delta_q_x	delta_q_y	delta_q_z	rate_x	rate_y	rate_z	quat_w	quat_x	quat_y	quat_z	mag_x	mag_y	mag_z	temperature	status_byte	packet_counter	time_fine
1866	0	0	0	0	0	0	0	0	0	0	0	0	0	0	0	0	0	0	0	0	0	0	0	0	0	0	0
1	0	0	0	0	0	0	0	0	0	0	0	0	0	0	0	0	0	0	0	0	0	0	0	0	0	0	0
2	0	0	0	0	0	0	0	0	0	0	0	0	0	0	0	0	0	0	0	0	0	0	0	0	0	0	0
3	0	0	0	0	0	0	0	0	0	0	0	0	0	0	0	0	0	0	0	0	0	0	0	0	0	0	0
4	0	0	0	0	0	0	0	0	0	0	0	0	0	0	0	0	0	0	0	0	0	0	0	0	0	0	0
5	0	0	0	0	0	0	0	0	0	0	0	0	0	0	0	0	0	0	0	0	0	0	0	0	0	0	0
6	-0.73052	-0.0496907	9.7821	0.894962	-0.92889	0.89698	-0.00730438	-0.000511121	0.097821	1	7.04806e-05	4.05906e-06	2.90982e-05	0.0140961	0.000811811	0.00581964	0	0	0	0	0.309237	0.431687	-0.971109	34.0625	3	51511	5202664
7	-0.73052	-0.0496907	9.7821	0.894962	-0.92889	0.89698	-0.00730438	-0.000511121	0.097821	1	7.04806e-05	4.05906e-06	2.90982e-05	0.0140961	0.000811811	0.00581964	0	0	0	0	0.309237	0.431687	-0.971109	34.0625	3	51511	5202664
8	-0.73052	-0.0496907	9.7821	0.894962	-0.92889	0.89698	-0.00730438	-0.000511121	0.097821	1	7.04806e-05	4.05906e-06	2.90982e-05	0.0140961	0.000811811	0.00581964	0	0	0	0	0.309237	0.431687	-0.971109	34.0625	3	51511	5202664
9	-0.73052	-0.0496907	9.7821	0.894962	-0.92889	0.89698	-0.00730438	-0.000511121	0.097821	1	7.04806e-05	4.05906e-06	2.90982e-05	0.0140961	0.000811811	0.00581964	0	0	0	0	0.309237	0.431687	-0.971109	34.0625	3	51511	5202664
10	-0.73052	-0.0496907	9.7821	0.894962	-0.92889	0.89698	-0.00730438	-0.000511121	0.097821	1	7.04806e-05	4.05906e-06	2.90982e-05	0.0140961	0.000811811	0.00581964	0	0	0	0	0.309237	0.431687	-0.971109	34.0625	3	51511	5202664
11	-0.759961	-0.0675068	9.7899	0.201	-0.466263	0.997768	-0.00760402	-0.000684072	0.0978986	1	4.37724e-05	-2.27502e-05	2.85244e-05	0.00875447	-0.00455005	0.00570487	0	0	0	0	0.047807	0.506352	-0.98592	34.125	1	54158	5468828
12	-0.683843	-0.0638838	9.78634	0.278374	-0.467112	0.982269	-0.00683875	-0.000645601	0.0978633	1	3.30599e-05	-1.78261e-06	2.13108e-05	0.00661199	-0.000356521	0.00426216	0	0	0	0	0.047778	0.505891	-0.987445	34.125	1	54162	5469228
10	-0.732294	-0.0436903	9.77769	0.221287	-0.444463	0.981935	-0.00732291	-0.000443975	0.0977768	1	3.50047e-05	4.48465e-08	1.54283e-05	0.00700094	8.9693e-06	0.00308567	0	0	0	0	0.0473263	0.507801	-0.984876	34.125	1	54165	5469528
14	-0.786519	-0.0903909	9.78475	0.17711	-0.49602	0.99585	-0.00785934	-0.000910553	0.0978479	1	3.17973e-05	2.96664e-05	2.68219e-05	0.00635947	0.00593328	0.00536438	0	0	0	0	0.0478108	0.505386	-0.986447	34.125	1	54168	5469828
15	-0.757459	-0.0786418	9.78129	0.200124	-0.487663	0.98754	-0.00757501	-0.000797655	0.0978128	1	5.52387e-05	-2.37514e-06	2.84835e-05	0.0110477	-0.000475028	0.00569671	0	0	0	0	0.048782	0.50778	-0.984378	34.125	1	54172	5470228
16	-0.926907	-0.152332	9.73572	-0.0269732	-0.411411	0.916872	-0.00927002	-0.00153573	0.0973569	1	6.13527e-05	-5.2665e-06	2.48475e-05	0.0122705	-0.0010533	0.00496951	0	0	0	0	0.0478397	0.505846	-0.984921	34.125	1	54175	5470528
17	-0.90685	-0.0144488	9.78218	-0.0512517	-0.462499	0.978993	-0.00906991	-0.000156174	0.0978217	1	5.7705e-05	-7.22773e-06	2.18422e-05	0.011541	-0.00144555	0.00436843	0	0	0	0	0.0487692	0.506344	-0.985925	34.125	1	54178	5470828
18	-0.884118	-0.0918307	9.76374	0.0290929	-0.577006	0.972415	-0.00884429	-0.000924431	0.0976371	1	2.91468e-05	-1.61709e-05	2.44233e-05	0.00582936	-0.00323419	0.00488466	0	0	0	0	0.0473752	0.50632	-0.983899	34.125	1	54182	5471228
19	-0.816284	-0.0661361	9.75771	0.102425	-0.504061	0.962936	-0.00816332	-0.000669044	0.097577	1	3.74483e-05	-2.61549e-06	2.29853e-05	0.00748967	-0.000523098	0.00459706	0	0	0	0	0.0497196	0.50779	-0.985392	34.125	1	54185	5471528
20	-0.845719	-0.0832398	9.79172	0.0873162	-0.489634	0.995155	-0.00846652	-0.000838998	0.0979163	1	3.3274e-05	-4.76783e-05	4.93359e-06	0.0066548	-0.00953566	0.000986717	0	0	0	0	0.0497234	0.506824	-0.985918	34.125	1	54188	5471828
21	-0.771707	-0.074167	9.78855	0.168923	-0.49507	0.99307	-0.00771838	-0.000749742	0.0978853	1	3.98382e-05	-6.79311e-06	1.76915e-05	0.00796764	-0.00135862	0.0035383	0	0	0	0	0.0482388	0.506384	-0.987942	34.125	1	54192	5472228
22	-0.738088	-0.0747082	9.79749	0.213246	-0.509536	1.00126	-0.00738626	-0.000759741	0.0979744	1	6.26629e-05	-2.76196e-05	2.57288e-05	0.0125326	-0.00552391	0.00514576	0	0	0	0	0.0473629	0.506329	-0.984403	34.125	1	54195	5472528
23	-0.687794	-0.0825165	9.78928	0.272103	-0.520279	0.981018	-0.00688306	-0.000836324	0.0978924	1	5.55608e-05	-2.63638e-05	2.04259e-05	0.0111122	-0.00527277	0.00408518	0	0	0	0	0.047305	0.505408	-0.987454	34.125	1	54198	5472828
24	-0.697465	-0.0473937	9.78861	0.26295	-0.487024	0.991118	-0.0069753	-0.000484855	0.097886	1	5.35101e-05	-3.46613e-06	3.17079e-05	0.010702	-0.000693226	0.00634158	0	0	0	0	0.0482881	0.506348	-0.985922	34.125	1	54202	5473228
25	-0.697261	-0.0977798	9.79125	0.262325	-0.549099	0.991627	-0.0069747	-0.000987886	0.0979122	1	5.09154e-05	-1.07273e-05	8.36858e-06	0.0101831	-0.00214546	0.00167372	0	0	0	0	0.0463751	0.503465	-0.987493	34.125	1	54205	5473528
26	-0.720786	-0.0546918	9.78159	0.23122	-0.501789	0.982977	-0.00721145	-0.000558029	0.0978156	1	5.55384e-05	-1.84236e-05	1.70525e-05	0.0111077	-0.00368473	0.00341051	0	0	0	0	0.048802	0.505838	-0.984926	34.125	1	54208	5473828
27	-0.781538	-0.161711	9.76275	0.196177	-0.567731	0.98709	-0.00781389	-0.00162993	0.0976274	1	6.44158e-05	7.37967e-06	1.55514e-05	0.0128832	0.00147593	0.00311028	0	0	0	0	0.0483289	0.505355	-0.984935	34.125	1	54212	5474228
28	-0.938641	0.0262881	9.79665	0.000216729	-0.50021	1.0167	-0.00939002	0.000251721	0.0979662	1	5.31095e-05	-1.83312e-05	4.0165e-05	0.0106219	-0.00366625	0.008033	0	0	0	0	0.0476803	0.508854	-0.989399	34.125	1	54215	5474528
29	-0.78332	-0.0883173	9.7529	0.165085	-0.595339	0.951769	-0.00783588	-0.000891141	0.0975287	1	3.94918e-05	-1.39081e-05	1.69203e-05	0.00789837	-0.00278162	0.00338406	0	0	0	0	0.0478355	0.505368	-0.985437	34.125	1	54218	5474828
30	-0.780554	-0.0768118	9.78181	0.158143	-0.546739	0.984915	-0.0078078	-0.000779159	0.0978178	1	5.40799e-05	-1.17611e-05	2.94878e-05	0.010816	-0.00235221	0.00589755	0	0	0	0	0.0492133	0.506367	-0.987441	34.125	1	54222	5475228
31	-0.781099	-0.0304936	9.78391	0.153493	-0.490051	0.984983	-0.0078158	-0.000311945	0.0978387	1	3.52392e-05	-2.45741e-05	7.26803e-06	0.00704783	-0.00491483	0.00145361	0	0	0	0	0.0487768	0.504411	-0.986978	34.125	1	54225	5475528
32	-0.606786	-0.0796314	9.79725	0.323781	-0.573058	0.999686	-0.00607375	-0.000805789	0.0979721	1	4.63705e-05	-3.03109e-05	3.20077e-05	0.0092741	-0.00606218	0.00640154	0	0	0	0	0.0477823	0.50637	-0.98693	34.125	1	54228	5475828
33	-0.747927	-0.0862208	9.79373	0.182732	-0.560054	0.988699	-0.00748274	-0.00087386	0.0979369	1	5.70399e-05	-1.79899e-05	3.20389e-05	0.011408	-0.00359797	0.00640778	0	0	0	0	0.0487773	0.505856	-0.985936	34.125	1	54232	5476228
34	-0.821855	-0.0503656	9.7796	0.114995	-0.536817	0.986209	-0.00822069	-0.000514826	0.0977958	1	5.47618e-05	-1.1092e-05	2.79414e-05	0.0109524	-0.0022184	0.00558829	0	0	0	0	0.0468324	0.506369	-0.98642	34.125	1	54235	5476528
35	-0.791772	-0.0590197	9.79458	0.138591	-0.538633	0.997923	-0.00792066	-0.000598243	0.0979455	1	3.94694e-05	-1.51283e-05	1.98466e-05	0.00789388	-0.00302567	0.00396932	0	0	0	0	0.0487697	0.507789	-0.984882	34.125	1	54238	5476828
36	-0.776306	-0.0857519	9.77933	0.153377	-0.569596	0.979887	-0.00776723	-0.000865391	0.0977929	1	3.88567e-05	-2.14407e-05	1.75183e-05	0.00777134	-0.00428814	0.00350365	0	0	0	0	0.0469017	0.504391	-0.984949	34.125	1	54242	5477228
37	-0.856324	-0.092513	9.77709	0.0680986	-0.587425	0.983682	-0.00856531	-0.000934113	0.0977706	1	4.37087e-05	-1.08312e-05	2.54627e-05	0.00874174	-0.00216624	0.00509254	0	0	0	0	0.049201	0.506376	-0.987946	34.125	1	54245	5477528
38	-0.731664	-0.0438766	9.78651	0.189541	-0.533043	0.979835	-0.00732186	-0.000449663	0.0978647	1	5.3756e-05	-2.68011e-05	2.56695e-05	0.0107512	-0.00536022	0.0051339	0	0	0	0	0.046877	0.504409	-0.985959	34.125	1	54248	5477828
39	-0.74443	-0.121128	9.7873	0.167952	-0.521935	0.965492	-0.00744596	-0.0012188	0.0978727	1	3.73125e-05	-8.66729e-06	1.49083e-05	0.0074625	-0.00173346	0.00298167	0	0	0	0	0.0483327	0.504388	-0.985461	34.125	1	54252	5478228
40	-0.746507	-0.032777	9.78705	0.154305	-0.555227	0.979254	-0.00746594	-0.000339288	0.0978704	1	5.6876e-05	-4.54029e-06	2.5746e-05	0.0113752	-0.000908059	0.0051492	0	0	0	0	0.0483787	0.506764	-0.981873	34.125	1	54255	5478528
41	-0.74268	-0.0653104	9.79692	0.170099	-0.592239	0.991364	-0.00743043	-0.000660467	0.0979689	1	3.65841e-05	-1.86188e-05	1.31133e-05	0.00731683	-0.00372376	0.00262266	0	0	0	0	0.0487522	0.504429	-0.987987	34.125	1	54258	5478828
42	-0.724926	-0.0845983	9.78036	0.184351	-0.588345	0.976179	-0.00725247	-0.00085713	0.0978032	1	5.62109e-05	-1.65236e-05	1.05235e-05	0.0112422	-0.00330472	0.0021047	0	0	0	0	0.0487616	0.508277	-0.984872	34.125	1	54262	5479228
43	-0.768437	-0.0791324	9.78474	0.146715	-0.57767	0.988152	-0.00768109	-0.000801408	0.0978476	1	5.08055e-05	1.66856e-05	9.23846e-06	0.0101611	0.00333713	0.00184769	0	0	0	0	0.0463632	0.504919	-0.986955	34.125	1	54265	5479528
44	-0.841257	-0.0555073	9.77663	0.0724204	-0.563874	0.980178	-0.00841404	-0.000563824	0.0977661	1	4.39641e-05	-7.59923e-06	9.19568e-06	0.00879283	-0.00151985	0.00183914	0	0	0	0	0.0478074	0.507797	-0.984878	34.125	1	54268	5479828
45	-0.752285	-0.0762872	9.77992	0.15638	-0.590513	0.97445	-0.00752625	-0.000770329	0.0977989	1	3.74894e-05	-1.74345e-05	8.29456e-06	0.00749787	-0.0034869	0.00165891	0	0	0	0	0.0478473	0.503913	-0.985974	34.125	1	54272	5480228
46	-0.77401	-0.0676932	9.77948	0.134196	-0.576919	0.975429	-0.00774303	-0.000689156	0.0977945	1	6.08211e-05	-1.5134e-05	2.11741e-05	0.0121642	-0.0030268	0.00423483	0	0	0	0	0.0482392	0.507829	-0.986899	34.125	1	54275	5480528
47	-0.761262	-0.0596183	9.78386	0.145931	-0.586376	0.978836	-0.00761508	-0.000605255	0.0978383	1	4.43849e-05	-1.27722e-05	2.54048e-05	0.00887698	-0.00255443	0.00508095	0	0	0	0	0.0469098	0.503903	-0.98496	34.125	1	54278	5480828
48	-0.780349	-0.0923186	9.77422	0.111227	-0.631746	0.979205	-0.00780672	-0.000935419	0.0977418	1	6.04279e-05	-1.67753e-05	2.6891e-05	0.0120856	-0.00335506	0.00537819	0	0	0	0	0.0482957	0.504415	-0.986976	34.125	1	54282	5481228
49	-0.7217	-0.0538059	9.79348	0.172302	-0.581016	0.986232	-0.00722009	-0.000548057	0.0979345	1	4.85128e-05	-1.59439e-05	3.43452e-05	0.00970255	-0.00318878	0.00686905	0	0	0	0	0.0478563	0.506316	-0.983901	34.125	1	54285	5481528
50	-0.707652	-0.106593	9.79091	0.177659	-0.630563	0.982976	-0.00708054	-0.00107857	0.0979086	1	6.33765e-05	-2.06942e-05	1.62811e-05	0.0126753	-0.00413885	0.00325623	0	0	0	0	0.0497068	0.506354	-0.986939	34.125	1	54288	5481828
51	-0.776764	-0.0425725	9.78989	0.121778	-0.583356	0.989405	-0.00777501	-0.00043591	0.0978983	1	5.01832e-05	-3.77688e-05	2.31532e-05	0.0100366	-0.00755376	0.00463065	0	0	0	0	0.0482924	0.506827	-0.985407	34.125	1	54292	5482228
52	-0.775844	-0.102416	9.77647	0.110466	-0.630899	0.974316	-0.00776378	-0.00103497	0.0977642	1	5.36419e-05	-2.75546e-05	2.05378e-05	0.0107284	-0.00551092	0.00410757	0	0	0	0	0.0483123	0.504885	-0.985955	34.125	1	54295	5482528
53	-0.797128	-0.0814786	9.78662	0.090757	-0.621088	0.981804	-0.00797366	-0.000824269	0.097866	1	4.68082e-05	-1.23046e-05	2.01037e-05	0.00936165	-0.00246093	0.00402073	0	0	0	0	0.0477215	0.509306	-0.987369	34.125	1	54298	5482828
54	-0.712987	-0.07396	9.79733	0.168514	-0.614742	0.987084	-0.00713278	-0.000749925	0.097973	1	5.01519e-05	-1.51249e-05	3.49204e-05	0.0100304	-0.00302498	0.00698409	0	0	0	0	0.0469098	0.503903	-0.98496	34.125	1	54302	5483228
55	-0.758888	-0.0530347	9.78661	0.122337	-0.592515	0.97873	-0.00759114	-0.000540651	0.0978659	1	4.98985e-05	-1.17176e-05	3.53678e-05	0.0099797	-0.00234351	0.00707357	0	0	0	0	0.0492503	0.50634	-0.985927	34.125	1	54305	5483528
56	-0.745668	-0.0135975	9.79027	0.124426	-0.632723	1.00557	-0.00745756	-0.000144747	0.0979026	1	4.40553e-05	-4.53325e-06	9.80692e-06	0.00881106	-0.000906651	0.00196138	0	0	0	0	0.0478193	0.506343	-0.985415	34.125	1	54308	5483828
57	-0.723866	-0.0925932	9.79317	0.151342	-0.662666	0.974794	-0.00724243	-0.000935179	0.0979313	1	4.5642e-05	-1.94541e-05	2.12681e-05	0.00912839	-0.00389083	0.00425361	0	0	0	0	0.0473543	0.505372	-0.985435	34.125	1	54312	5484228
58	-0.769777	-0.103353	9.78388	0.109434	-0.626445	0.977308	-0.00769916	-0.00104176	0.0978386	1	4.15276e-05	-7.19197e-06	7.21937e-06	0.00830552	-0.00143839	0.00144387	0	0	0	0	0.0468898	0.505845	-0.984412	34.125	1	54315	5484528
59	-0.743249	-0.0854885	9.76621	0.114207	-0.614397	0.965331	-0.00743167	-0.000862938	0.0976621	1	3.89983e-05	3.9224e-06	2.93067e-05	0.00779967	0.00078448	0.00586134	0	0	0	0	0.0463674	0.505398	-0.98644	34.125	1	54318	5484828
60	-0.475113	-0.0324661	9.75033	0.397679	-0.563202	0.897479	-0.00477045	-0.000330611	0.0975023	1	2.85307e-05	-9.92178e-05	4.05096e-05	0.00570615	-0.0198436	0.00810192	0	0	0	0	0.0487369	0.508295	-0.985881	34.125	1	54322	5485228
61	-0.192697	-0.0495565	9.82152	0.672466	-0.608286	1.04352	-0.00194782	-0.000503324	0.0982147	1	3.91545e-05	-0.000106223	1.74131e-05	0.00783091	-0.0212446	0.00348263	0	0	0	0	0.0463598	0.507331	-0.985387	34.125	1	54325	5485528
62	-0.0658053	-0.05949	9.84739	0.681275	-0.677989	0.979945	-0.000671768	-0.000603395	0.0984738	1	4.32297e-05	-6.95442e-05	-1.46131e-05	0.00864595	-0.0139088	-0.00292262	0	0	0	0	0.0478193	0.506343	-0.985415	34.125	1	54328	5485828
63	-0.125916	-0.0988112	9.76165	0.566696	-0.656899	0.968484	-0.00127913	-0.000997307	0.0976161	1	4.70461e-05	-0.000102328	3.92154e-06	0.00940923	-0.0204657	0.000784308	0	0	0	0	0.0463508	0.504928	-0.98746	34.125	1	54331	5486128
64	0.579843	0.0598543	9.8128	1.44521	-0.541632	0.932236	0.00578548	0.000578581	0.0981289	1	9.98446e-05	-6.61678e-05	-3.16265e-05	0.0199689	-0.0132336	-0.00632529	0	0	0	0	0.0469344	0.503885	-0.983951	34.125	1	54335	5486528
65	-2.02211	-0.447048	9.32808	-0.754252	-1.03675	0.569001	-0.0202246	-0.0044767	0.0932798	1	4.1487e-05	-1.67445e-05	-3.7547e-05	0.0082974	-0.0033489	-0.0075094	0	0	0	0	0.0450474	0.505319	-0.981385	34.125	1	54338	5486828
66	1.54381	0.0441041	9.73151	2.39723	-0.64649	0.905936	0.0154049	0.000413112	0.0973205	1	0.000135482	-0.000170401	-5.05673e-05	0.0270965	-0.0340802	-0.0101135	0	0	0	0	0.0436207	0.505801	-0.980357	34.125	1	54341	5487128
67	0.768785	-0.388781	9.99122	1.67703	-1.07459	1.19973	0.00767801	-0.00388668	0.099913	1	-8.91356e-06	-4.7594e-05	-4.25804e-05	-0.00178271	-0.0095188	-0.00851608	0	0	0	0	0.0417712	0.508654	-0.975235	34.125	1	54345	5487528
68	0.471411	-0.373492	9.77151	1.29889	-0.909395	0.884408	0.00471386	-0.00374345	0.0977148	1	4.05123e-05	1.20919e-06	-6.46507e-05	0.00810246	0.000241838	-0.0129301	0	0	0	0	0.0411662	0.507303	-0.981323	34.125	1	54348	5487828
69	-0.44669	-0.0358809	9.83857	0.375991	-0.58193	0.991561	-0.00445551	-0.000372271	0.0983862	1	7.16786e-05	5.81371e-05	-7.19854e-05	0.0143357	0.0116274	-0.0143971	0	0	0	0	0.0440458	0.510657	-0.979241	34.125	1	54352	5488228
70	-0.354365	0.0876664	9.73968	0.444636	-0.564935	0.879315	-0.00354836	0.000869295	0.0973967	1	4.06951e-05	-2.48601e-05	-7.86971e-05	0.00813901	-0.00497203	-0.0157394	0	0	0	0	0.0436326	0.504347	-0.980895	34.125	1	54355	5488528
71	-0.036998	-0.185259	9.7162	0.674422	-0.718978	0.849201	-0.000381403	-0.00187592	0.0971615	1	0.000120387	-5.7125e-05	-8.65275e-05	0.0240773	-0.011425	-0.0173055	0	0	0	0	0.043642	0.508195	-0.977779	34.125	3	54358	5488828
72	-0.226156	0.011505	9.80802	0.464354	-0.520142	0.935094	-0.00226301	0.000106305	0.0980802	1	4.59031e-05	-7.49184e-06	-5.74135e-05	0.00918061	-0.00149837	-0.0114827	0	0	0	0	0.0422319	0.509146	-0.975731	34.125	3	54362	5489228
73	0.16889	-0.0583825	9.90958	0.899231	-0.706499	1.04342	0.00168736	-0.000597025	0.0990958	1	6.63325e-05	-7.6644e-06	-1.58218e-05	0.0132665	-0.00153288	-0.00316436	0	0	0	0	0.0415913	0.512158	-0.980207	34.125	3	54365	5489528
74	-0.187233	-0.0333051	9.77155	0.278282	-0.314894	0.884457	-0.00187738	-0.000351713	0.0977153	1	9.63146e-05	-2.56645e-05	-4.28037e-05	0.0192629	-0.0051329	-0.00856074	0	0	0	0	0.0402879	0.51255	-0.974131	34.125	3	54368	5489828
75	-0.631155	-0.0291644	9.818	0.162152	-0.801973	0.993069	-0.00631673	-0.000293697	0.0981796	1	1.30108e-05	-2.62579e-05	-3.97053e-05	0.00260217	-0.00525159	-0.00794105	0	0	0	0	0.0401688	0.513119	-0.978664	34.125	3	54371	5490128
76	-0.156306	-0.187064	9.91173	0.495504	-0.636124	1.039	-0.00156765	-0.00188655	0.099117	1	7.99529e-05	-2.34402e-05	1.70008e-05	0.0159906	-0.00468805	0.00340017	0	0	0	0	0.041206	0.515947	-0.973555	34.125	3	54375	5490528
77	0.11583	0.170356	10.1487	0.595977	-0.44753	1.34456	0.00115519	0.00169948	0.101487	1	2.08901e-05	-1.41447e-05	6.89439e-05	0.00417803	-0.00282895	0.0137888	0	0	0	0	0.0383724	0.514969	-0.972048	34.125	3	54378	5490828
78	-0.487219	-0.00278746	9.69394	0.341617	-0.595363	0.864308	-0.00486036	-3.8018e-05	0.09694	1	4.47726e-05	6.09589e-05	0.000150307	0.00895453	0.0121918	0.0300614	0	0	0	0	0.0373418	0.519845	-0.97143	34.125	3	54382	5491228
79	-0.664787	-0.219874	9.8727	0.118423	-0.763064	1.09583	-0.00662861	-0.00219873	0.0987283	1	-1.24173e-05	9.34526e-05	0.000183383	-0.00248346	0.0186905	0.0366767	0	0	0	0	0.0359972	0.519785	-0.967385	34.125	3	54385	5491528
80	-0.36911	-0.110007	9.98326	0.26314	-0.691573	1.1869	-0.00367268	-0.00111009	0.0998332	1	4.1302e-05	8.95871e-05	0.000240546	0.0082604	0.0179174	0.0481093	0	0	0	0	0.0378443	0.522235	-0.968854	34.125	3	54388	5491828
81	-0.654673	0.055173	10.126	0.266208	-0.563067	1.25525	-0.00653885	0.000534077	0.101261	1	6.75809e-05	4.05251e-05	0.000303048	0.0135162	0.00810502	0.0606097	0	0	0	0	0.0388321	0.5251	-0.965765	34.125	3	54392	5492228
82	-0.174307	-0.0522116	10.0348	0.487446	-0.600693	1.28782	-0.0017641	-0.000539838	0.100347	1	8.25416e-05	-0.000106542	0.000329666	0.0165083	-0.0213083	0.0659331	0	0	0	0	0.0402598	0.527508	-0.964707	34.125	3	54395	5492528
83	-0.160064	0.197741	9.93094	0.620906	-0.464135	1.24491	-0.00159279	0.00196509	0.0993097	1	5.6356e-05	4.65671e-05	0.000353395	0.0112712	0.00931342	0.070679	0	0	0	0	0.0369574	0.526525	-0.962694	34.125	3	54398	5492828
84	-0.876861	-0.0421308	9.37122	-0.106158	-0.633616	0.561363	-0.00875825	-0.000427821	0.0937131	1	2.54756e-06	5.37387e-05	0.000344355	0.000509512	0.0107477	0.0688711	0	0	0	0	0.039808	0.529418	-0.962138	34.125	3	54402	5493228
85	0.152159	0.234998	10.0462	0.977752	-0.404771	1.19557	0.00152741	0.00235096	0.100462	1	4.34615e-07	3.71534e-05	0.000348516	8.6923e-05	0.00743067	0.0697032	0	0	0	0	0.040339	0.530824	-0.959078	34.125	3	54405	5493528
86	-0.679783	-0.120066	9.82219	-0.119855	-0.763644	0.90664	-0.00679187	-0.00121193	0.0982221	1	3.29985e-05	2.60245e-05	0.00035182	0.00659971	0.0052049	0.0703639	0	0	0	0	0.0403356	0.533235	-0.95751	34.125	3	54408	5493828
87	-0.77937	0.1377	9.69815	-0.202889	-0.462211	0.786723	-0.00779783	0.00136394	0.0969814	1	4.05071e-05	-1.65827e-05	0.000333211	0.00810143	-0.00331653	0.0666422	0	0	0	0	0.0418036	0.533205	-0.956507	34.125	3	54412	5494228
88	-0.820375	-0.131925	9.45016	-0.229093	-0.893195	0.667632	-0.00819531	-0.00133178	0.0945021	1	3.79472e-05	4.00881e-05	0.000327221	0.00758944	0.00801762	0.0654442	0	0	0	0	0.0393904	0.535158	-0.955442	34.125	3	54415	5494528
89	-0.455961	-0.0121958	9.86872	0.177532	-0.718939	1.15021	-0.00455091	-0.000132045	0.0986876	1	3.46044e-05	4.35751e-05	0.000357535	0.00692089	0.00871502	0.071507	0	0	0	0	0.0403688	0.534175	-0.955469	34.125	3	54418	5494828
90	-0.36714	-0.390256	10.387	0.573568	-0.946076	1.52141	-0.00366151	-0.00392939	0.103869	1	0.000115363	3.29232e-05	0.00038942	0.0230726	0.00658464	0.077884	0	0	0	0	0.0417846	0.538038	-0.953874	34.125	3	54422	5495228
91	-0.679885	0.316409	9.48848	-0.307763	-0.272018	0.462739	-0.00682621	0.00314507	0.0948834	1	7.18072e-05	-0.000131081	0.000395232	0.0143614	-0.0262161	0.0790464	0	0	0	0	0.042763	0.537054	-0.953901	34.125	3	54425	5495528
92	-0.509317	0.378001	9.31949	0.0781866	-0.341174	0.385856	-0.0050959	0.0037673	0.0931953	1	4.76693e-05	5.49267e-07	0.000374796	0.00953387	0.000109853	0.0749592	0	0	0	0	0.0439013	0.534508	-0.948407	34.125	3	54428	5495828
93	-0.477602	-0.288371	9.85604	0.108039	-0.943964	0.958895	-0.00478645	-0.00288608	0.0985598	1	-5.94036e-06	-6.37923e-05	0.000370753	-0.00118807	-0.0127585	0.0741505	0	0	0	0	0.042837	0.537	-0.950872	34.125	3	54432	5496228
94	0.0273458	-0.276776	9.86322	0.546087	-0.85173	1.00523	0.000260006	-0.00276771	0.0986322	1	7.50176e-07	-7.86275e-05	0.000371984	0.000150035	-0.0157255	0.0743967	0	0	0	0	0.0424427	0.538387	-0.946294	34.125	3	54435	5496528
95	-0.210714	0.249295	10.1927	0.731149	-0.692896	1.45355	-0.00210741	0.00248378	0.101927	1	3.80222e-05	6.91384e-06	0.000336872	0.00760444	0.00138277	0.0673744	0	0	0	0	0.0414235	0.540364	-0.947255	34.125	3	54438	5496828
96	-0.487653	-0.382388	9.74131	0.532877	-1.10371	1.05384	-0.00486974	-0.00383208	0.0974132	1	3.07735e-05	2.59212e-05	0.00022587	0.00615471	0.00518424	0.0451741	0	0	0	0	0.0439515	0.537363	-0.944303	34.125	3	54442	5497228
97	0.185356	-0.0379605	10.3351	1.02362	-0.648139	1.55075	0.0018506	-0.000380878	0.103351	1	8.41649e-06	-1.47629e-05	0.000126089	0.0016833	-0.00295259	0.0252178	0	0	0	0	0.044816	0.540318	-0.946262	34.125	3	54445	5497528
98	0.443771	0.491684	10.1748	1.04487	-0.0707339	1.34003	0.00445933	0.00492892	0.101746	1	-5.80138e-05	0.000107755	3.08743e-05	-0.0116028	0.021551	0.00617487	0	0	0	0	0.0425537	0.538305	-0.94175	34.125	3	54448	5497828
99	-0.564046	-0.0781179	9.1068	-0.323937	-0.694427	0.306056	-0.00564938	-0.000759884	0.0910676	1	-0.000110633	-4.81212e-05	-0.000101423	-0.0221265	-0.00962423	-0.0202847	0	0	0	0	0.04544	0.536836	-0.942806	34.125	3	54452	5498228
100	0.256972	-0.928398	10.7083	0.954392	-1.46055	1.76884	0.00257074	-0.00928296	0.107083	1	-8.47288e-06	1.80598e-05	-0.000153307	-0.00169457	0.00361195	-0.0306614	0	0	0	0	0.0431667	0.539169	-0.935673	34.125	3	54455	5498528
101	-0.293954	0.273744	9.84772	0.49121	-0.504804	1.04146	-0.00297012	0.00272684	0.0984766	1	5.99e-05	-0.000160891	-0.000202074	0.01198	-0.0321782	-0.0404148	0	0	0	0	0.0417314	0.538693	-0.935677	34.125	3	54458	5498828
102	1.37649	-0.411236	10.0398	1.91036	-0.681859	1.10312	0.0137438	-0.00412474	0.1004	1	1.01658e-05	-8.98482e-05	-0.000375831	0.00203316	-0.0179696	-0.0751663	0	0	0	0	0.0422994	0.540071	-0.931104	34.125	3	54462	5499228
103	0.713336	-0.484472	9.85632	1.37797	-1.39534	0.897949	0.00714021	-0.00487352	0.0985613	1	0.000116943	5.45809e-05	-0.000402484	0.0233887	0.0109162	-0.0804967	0	0	0	0	0.0380727	0.541959	-0.925487	34.125	3	54465	5499528
104	-0.340811	-0.375669	9.47811	0.154185	-0.95825	0.635476	-0.00338719	-0.00375747	0.0947818	1	1.84707e-05	0.000126206	-0.000400797	0.00369414	0.0252412	-0.0801595	0	0	0	0	0.0408807	0.540065	-0.930087	34.125	3	54468	5499828
105	0.198193	0.045143	10.2299	0.45464	-0.807096	1.2915	0.00199125	0.00042281	0.102299	1	0.00013306	4.40891e-05	-0.000351243	0.0266121	0.00881782	-0.0702486	0	0	0	0	0.0410325	0.53899	-0.924556	34.125	3	54472	5500228
106	0.217382	0.542346	9.78494	0.41408	-0.140223	0.88848	0.00212747	0.00541101	0.0978511	1	5.39708e-05	-0.000261101	-0.000438549	0.0107942	-0.0522203	-0.0877099	0	0	0	0	0.0376775	0.540455	-0.922993	34.125	3	54475	5500528
107	0.801549	-0.355447	9.09099	0.982651	-1.24807	0.355069	0.00799067	-0.00359209	0.0909106	1	0.000168402	-0.000119346	-0.000437469	0.0336805	-0.0238693	-0.0874937	0	0	0	0	0.0359343	0.541302	-0.914885	34.125	3	54478	5500828
108	0.437547	-0.041714	10.1047	1.26236	-0.51092	1.30021	0.00435294	-0.000423791	0.101048	1	1.26388e-05	-0.000109514	-0.000469415	0.00252775	-0.0219028	-0.093883	0	0	0	0	0.0308683	0.541662	-0.905257	34.125	3	54482	5501228
109	0.62468	0.0127143	10.2275	1.38276	-0.312996	1.35231	0.00625034	0.000124037	0.102275	1	-1.17048e-05	1.67615e-05	-0.000440158	-0.00234096	0.0033523	-0.0880315	0	0	0	0	0.0308934	0.54309	-0.903206	34.125	3	54485	5501528
110	0.591074	-0.422456	10.268	1.29773	-0.922424	1.11027	0.00591482	-0.00424745	0.102679	1	8.36528e-05	3.98189e-05	-0.000483243	0.0167306	0.00796378	-0.0966486	0	0	0	0	0.031449	0.544477	-0.899137	34.125	3	54488	5501828
111	0.475991	0.0647024	10.9886	0.905905	-0.724919	1.71376	0.00477539	0.000609524	0.109886	1	0.000149686	6.76499e-05	-0.000482762	0.0299372	0.01353	-0.0965525	0	0	0	0	0.0310381	0.545393	-0.895579	34.125	3	54492	5502228
112	-0.402351	-0.127825	9.67092	0.24376	-0.892453	0.959655	-0.00400197	-0.00126517	0.0967103	1	-4.66156e-05	0.000118015	-0.000505274	-0.00932313	0.0236029	-0.101055	0	0	0	0	0.0282268	0.549699	-0.88941	34.125	3	54495	5502528
113	0.219133	-0.00806589	9.34657	0.407412	-0.745803	0.101213	0.00219343	-0.000104896	0.0934657	1	0.00011762	1.17405e-05	-0.000513118	0.023524	0.00234811	-0.102624	0	0	0	0	0.0259284	0.550604	-0.884328	34.125	3	54498	5502828
114	0.904733	-0.247816	10.0012	1.06946	-1.17643	0.645602	0.00904565	-0.00253339	0.100011	1	0.000230871	4.14559e-06	-0.00050018	0.0461743	0.000829117	-0.100036	0	0	0	0	0.0270975	0.5543	-0.87314	34.125	3	54502	5503228
115	0.829133	-0.0485747	11.1223	1.77204	-0.653709	2.27315	0.00831609	-0.000500031	0.111221	1	2.47047e-05	0.000113641	-0.000529157	0.00494094	0.0227282	-0.105831	0	0	0	0	0.0243265	0.556167	-0.867025	34.125	3	54505	5503528
116	0.185136	0.635589	10.489	0.434278	-0.0470214	1.41844	0.00185618	0.00633003	0.104891	1	0.00011393	-8.92069e-06	-0.000527593	0.022786	-0.00178414	-0.105519	0	0	0	0	0.0258482	0.55658	-0.863488	34.125	3	54508	5503828
117	-0.180398	0.438261	9.42899	0.389762	0.23642	0.644628	-0.0017808	0.00440963	0.0942891	1	-0.000131846	9.48571e-05	-0.00060228	-0.0263693	0.0189714	-0.120456	0	0	0	0	0.0212025	0.559872	-0.854302	34.125	3	54512	5504228
118	-0.894134	-0.143039	8.32665	-0.372948	-1.14323	-0.584296	-0.00892091	-0.00147326	0.083268	1	0.00031263	0.000131651	-0.000514575	0.0625261	0.0263301	-0.102915	0	0	0	0	0.0242321	0.55637	-0.850858	34.125	3	54515	5504528
119	0.418028	-0.259748	9.94144	0.645053	-1.51926	0.677426	0.00419612	-0.00265347	0.0994123	1	0.000259531	9.3522e-05	-0.000524882	0.0519063	0.0187044	-0.104976	0	0	0	0	0.0214479	0.555356	-0.847333	34.125	3	54518	5504828
120	1.27309	0.318859	12.4113	2.19413	-0.845307	3.83751	0.0127743	0.00315787	0.124109	1	6.06443e-05	0.000159234	-0.000614075	0.0121289	0.0318468	-0.122815	0	0	0	0	0.0245638	0.551791	-0.840355	34.125	3	54522	5505228
121	0.882224	-0.811109	10.9012	1.74028	-1.83869	2.07335	0.00881957	-0.00816483	0.109008	1	0.000202021	2.87937e-05	-0.00054969	0.0404041	0.00575873	-0.109938	0	0	0	0	0.0285432	0.548291	-0.837421	34.125	3	54525	5505528
122	-0.185886	0.465812	10.9091	0.548042	-0.183317	2.31007	-0.00181636	0.00466871	0.109091	1	-3.83831e-05	0.000169004	-0.000603432	-0.00767662	0.0338008	-0.120686	0	0	0	0	0.0310708	0.543845	-0.835512	34.125	3	54528	5505828
123	-0.0629894	-0.496141	9.26564	0.254844	-1.1293	0.0711622	-0.000645921	-0.00495189	0.0926568	1	-4.66875e-05	-5.02286e-05	-0.000677709	-0.0093375	-0.0100457	-0.135542	0	0	0	0	0.0383806	0.538898	-0.83515	34.125	3	54532	5506228
124	-1.0641	-0.436006	8.04613	-0.866212	-0.739517	-1.13323	-0.0106617	-0.00433447	0.08046	1	-7.12216e-05	-9.29441e-05	-0.000663232	-0.0142443	-0.0185888	-0.132646	0	0	0	0	0.0424175	0.534874	-0.830208	34.125	3	54535	5506528
125	-0.491314	-1.13194	8.8706	-0.112826	-1.86251	-0.300903	-0.00495254	-0.011355	0.0886992	1	0.000234205	-0.000144873	-0.000603862	0.0468411	-0.0289745	-0.120772	0	0	0	0	0.0467386	0.532435	-0.832302	34.125	3	54538	5506828
126	-1.09923	1.21291	9.17197	-0.529589	0.0731396	0.565762	-0.0109357	0.0120775	0.0917333	1	0.000357779	0.000224654	-0.000638269	0.0715559	0.0449308	-0.127654	0	0	0	0	0.0536579	0.527908	-0.827889	34.125	3	54542	5507228
127	-0.00645639	-0.47259	9.39783	0.55937	-1.86941	0.573676	-6.64527e-05	-0.00477367	0.0939759	1	0.000254617	2.43771e-05	-0.000681141	0.0509234	0.00487542	-0.136228	0	0	0	0	0.0579505	0.526454	-0.830466	34.125	3	54545	5507528
128	-1.60448	-1.01738	7.76012	-1.72469	-1.57639	-1.44889	-0.0160665	-0.0101901	0.0775945	1	0.000238281	-5.57485e-05	-0.00064408	0.0476562	-0.0111497	-0.128816	0	0	0	0	0.0638093	0.523452	-0.829045	34.125	3	54548	5507828
129	-0.601698	-1.03861	9.95732	0.174392	-1.40154	0.649673	-0.00602922	-0.0103878	0.0995723	1	5.18282e-05	1.33087e-05	-0.000716738	0.0103656	0.00266175	-0.143348	0	0	0	0	0.0690343	0.518638	-0.835237	34.125	3	54552	5508228
130	-0.594421	-0.258035	10.6519	-0.356157	-0.703161	1.77488	-0.00594396	-0.00257724	0.106519	1	2.40884e-05	1.79646e-05	-0.000693983	0.00481768	0.00359291	-0.138797	0	0	0	0	0.0699519	0.52059	-0.835703	34.125	3	54555	5508528
131	-0.250059	-0.082489	10.1005	0.123492	-1.0447	0.961944	-0.00249913	-0.000853507	0.101005	1	0.000160255	1.35073e-05	-0.000751309	0.032051	0.00270147	-0.150262	0	0	0	0	0.071325	0.519666	-0.839265	34.125	3	54558	5508828
132	0.471199	-0.0898668	10.1592	0.318	-0.91215	0.688587	0.00467429	-0.000960062	0.101593	1	0.000274625	-0.000180069	-0.000596007	0.0549249	-0.0360138	-0.119201	0	0	0	0	0.074105	0.520202	-0.843306	34.125	3	54562	5509228
133	0.472157	1.48047	11.1579	1.1379	0.627972	2.52602	0.00479373	0.0147899	0.111578	1	3.78032e-05	0.000234595	-0.000669265	0.00756064	0.046919	-0.133853	0	0	0	0	0.0696928	0.52078	-0.846304	34.125	3	54565	5509528
134	-1.23663	-1.0795	9.27281	-1.23231	-1.27302	0.299638	-0.0123626	-0.0107185	0.0927375	1	-0.000318124	0.00010219	-0.000710717	-0.0636249	0.020438	-0.142143	0	0	0	0	0.0705023	0.518956	-0.853924	34.125	3	54568	5509828
135	-0.303684	-0.248493	9.26739	-0.431038	-1.11508	0.0813481	-0.00309107	-0.00252276	0.0926711	1	0.000226003	-0.000274681	-0.000661907	0.0452006	-0.0549363	-0.132381	0	0	0	0	0.0670425	0.514233	-0.861084	34.125	3	54572	5510228
136	0.843073	0.231621	10.797	1.10279	-0.260138	1.09043	0.00839427	0.00233241	0.107973	1	-0.000128038	-0.000183467	-0.000680063	-0.0256075	-0.0366934	-0.136013	0	0	0	0	0.0626009	0.512904	-0.866648	34.125	3	54575	5510528
137	1.50394	-0.567572	11.0275	1.47109	-1.85031	1.79258	0.0149665	-0.00574705	0.110281	1	0.000229779	-0.000294936	-0.000687985	0.0459559	-0.0589872	-0.137597	0	0	0	0	0.0578819	0.505167	-0.868314	34.125	3	54578	5510828
138	-0.971959	1.73823	10.732	-0.300648	0.97767	1.64566	-0.00969639	0.0173635	0.107325	1	0.00013652	2.05383e-05	-0.000540838	0.027304	0.00410766	-0.108168	0	0	0	0	0.0543799	0.497101	-0.879588	34.125	3	54582	5511228
139	-0.0508858	-1.418	10.3757	0.0207623	-2.32901	1.07942	-0.000529225	-0.0141869	0.103756	1	3.57775e-05	-3.38814e-05	-0.000470127	0.0071555	-0.00677629	-0.0940255	0	0	0	0	0.0523881	0.492348	-0.885745	34.125	3	54585	5511528
140	-1.31083	0.0350651	8.50348	-1.48335	-0.638966	-0.915652	-0.0131203	0.00034506	0.085033	1	8.36468e-05	-7.18238e-05	-0.000329186	0.0167294	-0.0143648	-0.0658372	0	0	0	0	0.0523948	0.487524	-0.888883	34.125	3	54588	5511828
141	-0.0763962	-1.79919	10.0703	0.0823603	-2.55424	1.21599	-0.000778398	-0.0180402	0.100695	1	0.00024163	-3.2815e-05	-0.000217232	0.048326	-0.006563	-0.0434463	0	0	0	0	0.0509658	0.48078	-0.893067	34.125	3	54592	5512228
142	-2.3089	0.688921	7.90546	-2.27868	-0.255411	-1.16807	-0.0230776	0.00686251	0.0790602	1	0.000215235	5.8171e-05	-0.000158815	0.0430469	0.0116342	-0.031763	0	0	0	0	0.0476174	0.47742	-0.894641	34.125	3	54595	5512528
143	2.06943	1.13974	12.4119	1.9264	-0.0686179	3.27268	0.020715	0.0113667	0.124118	1	0.000101631	7.15371e-05	-0.000130977	0.0203262	0.0143074	-0.0261953	0	0	0	0	0.0476279	0.47163	-0.898305	34.125	3	54598	5512828
144	-0.715053	0.19437	9.95769	-0.61231	0.0157156	0.628809	-0.00714381	0.00193453	0.0995776	1	4.73465e-05	3.33544e-05	-1.81776e-05	0.00946931	0.00667088	-0.00363552	0	0	0	0	0.0447365	0.46973	-0.899849	34.125	3	54602	5513228
145	1.89339	-1.57062	11.7473	1.5878	-2.73799	2.70196	0.0189213	-0.0157752	0.117466	1	0.000296259	-5.61556e-05	1.74253e-05	0.0592517	-0.0112311	0.00348506	0	0	0	0	0.0418052	0.471714	-0.900297	34.125	3	54605	5513528
146	-1.28673	-0.229315	9.61624	-0.618828	-0.638722	1.3141	-0.0127998	-0.00225346	0.0961723	1	-0.000202288	0.00035154	-3.02171e-05	-0.0404576	0.0703079	-0.00604343	0	0	0	0	0.0419323	0.470657	-0.895775	34.125	3	54608	5513828
147	-0.320842	0.176112	9.40194	-0.0937739	0.00505148	0.55415	-0.00325175	0.00176178	0.0940179	1	-4.80374e-06	-0.000229699	3.73845e-05	-0.000960747	-0.0459398	0.0074769	0	0	0	0	0.0365831	0.472671	-0.896716	34.125	3	54612	5514228
148	0.71237	2.2784	11.0702	1.39347	1.35793	2.50627	0.00710273	0.0227664	0.110707	1	8.00314e-05	-9.42459e-05	2.3231e-06	0.0160063	-0.0188492	0.00046462	0	0	0	0	0.0297909	0.476141	-0.896608	34.125	3	54615	5514528
149	0.784009	-1.30842	11.0765	0.94881	-2.1092	1.67311	0.00781802	-0.0130637	0.110769	1	-9.56485e-05	-9.45048e-05	-4.34909e-05	-0.0191297	-0.018901	-0.00869819	0	0	0	0	0.0246301	0.475607	-0.891545	34.125	3	54618	5514828
150	-0.553707	0.416698	10.2795	0.0316547	-0.225015	1.50041	-0.00554101	0.00415925	0.102795	1	3.78917e-05	-1.93787e-05	-5.33988e-06	0.00757835	-0.00387574	-0.00106798	0	0	0	0	0.0196994	0.474771	-0.897097	34.125	3	54622	5515228
151	0.706886	-0.367584	12.267	1.23794	-1.98848	3.35455	0.00709855	-0.0037218	0.122667	1	0.00018782	0.000120747	8.71812e-06	0.037564	0.0241494	0.00174362	0	0	0	0	0.0149205	0.47286	-0.897117	34.125	3	54625	5515528
152	-0.55566	0.967803	9.61642	-0.215141	0.395496	0.532109	-0.00557396	0.00968941	0.096162	1	-5.85334e-05	-9.13716e-05	-1.0933e-05	-0.0117067	-0.0182743	-0.00218659	0	0	0	0	0.0125191	0.473358	-0.89659	34.125	3	54628	5515828
153	0.749379	0.566528	11.5264	0.74078	-0.161739	2.21336	0.00748272	0.00569584	0.115263	1	-0.000132214	-4.77653e-05	5.38823e-06	-0.0264428	-0.00955306	0.00107765	0	0	0	0	0.00638949	0.465127	-0.897249	34.125	3	54632	5516228
154	-0.223726	-0.359772	10.4262	0.28738	-0.756654	1.68202	-0.00223176	-0.00358936	0.104262	1	-3.98051e-05	2.68506e-05	-1.36809e-05	-0.00796102	0.00537013	-0.00273617	0	0	0	0	0.00780772	0.463688	-0.899308	34.125	3	54635	5516528
155	0.402818	-0.772262	11.4383	1.06043	-2.23145	2.69278	0.00403666	-0.00779862	0.114377	1	0.000330673	4.00266e-05	-4.37406e-05	0.0661346	0.00800533	-0.00874812	0	0	0	0	0.00595254	0.461726	-0.897828	34.125	3	54638	5516828
156	-0.946609	-0.306532	9.59806	-0.486525	-1.58384	0.967064	-0.00946077	-0.00315019	0.0959784	1	0.000438695	2.66363e-05	3.49388e-05	0.0877391	0.00532726	0.00698776	0	0	0	0	0.00265355	0.458331	-0.897383	34.125	3	54642	5517228
157	0.423983	-0.162704	10.3213	0.720343	-0.72985	1.25838	0.00425515	-0.00161331	0.103213	1	-6.80866e-05	7.48144e-05	-3.87467e-05	-0.0136173	0.0149629	-0.00774933	0	0	0	0	0.00318447	0.459736	-0.894324	34.125	3	54645	5517528
158	-1.53838	-0.250653	9.07101	-1.68673	-0.448797	-0.204799	-0.0154116	-0.00255611	0.0907041	1	0.000258919	-0.000155285	8.47835e-05	0.0517838	-0.031057	0.0169567	0	0	0	0	0.00230052	0.460168	-0.890775	34.125	3	54649	5517928
159	-1.28962	0.633349	8.89879	-0.979447	0.318396	0.0415204	-0.0129208	0.00633907	0.0889839	1	-2.72462e-05	-0.000140241	-2.84014e-05	-0.00544925	-0.0280483	-0.00568027	0	0	0	0	0.00317351	0.464081	-0.891702	34.125	3	54652	5518228
160	-2.17653	1.24267	8.2305	-1.81214	0.644962	-0.486835	-0.0217478	0.0124329	0.0823087	1	-2.51274e-05	9.90095e-05	-4.82884e-05	-0.00502548	0.0198019	-0.00965767	0	0	0	0	-0.00103607	0.467884	-0.884022	34.125	3	54655	5518528
161	-1.78517	-0.454097	8.03775	-1.64361	-1.18876	-1.14654	-0.017872	-0.00454896	0.0803725	1	6.72224e-05	-0.000122042	-7.89609e-05	0.0134445	-0.0244083	-0.0157922	0	0	0	0	-0.00439445	0.47176	-0.88089	34.125	3	54659	5518928
162	1.0974	1.11043	11.2437	1.40835	0.0391278	2.08899	0.0109191	0.0110729	0.112446	1	0.000138742	-0.000244944	-8.41164e-06	0.0277484	-0.0489889	-0.00168233	0	0	0	0	-0.00631281	0.478035	-0.876196	34.125	3	54662	5519228
163	-0.105721	0.286975	10.3691	1.03372	-0.546578	2.06904	-0.00101835	0.00287858	0.103691	1	-4.237e-05	0.000186857	-1.95423e-05	-0.008474	0.0373714	-0.00390845	0	0	0	0	-0.00923561	0.480977	-0.875612	34.125	3	54665	5519528
164	-2.2615	0.136548	7.80288	-2.47448	-0.147904	-1.44147	-0.0226391	0.00137458	0.0780217	1	-6.36079e-05	-0.000154277	1.82879e-05	-0.0127216	-0.0308555	0.00365758	0	0	0	0	-0.0102045	0.485809	-0.87247	34.125	3	54668	5519828
165	-0.961366	0.164	10.8612	-0.460468	-1.01362	1.89644	-0.009575	0.00160264	0.108616	1	0.000170946	0.000178135	1.19094e-05	0.0341892	0.035627	0.00238188	0	0	0	0	-0.0177506	0.484798	-0.866902	34.125	3	54672	5520228
166	0.0351805	-0.174064	10.6153	-0.0173151	-0.466614	1.54563	0.000333949	-0.00170809	0.106153	1	-0.000153444	-8.33434e-05	-4.68625e-05	-0.0306887	-0.0166687	-0.0093725	0	0	0	0	-0.019695	0.486756	-0.866345	34.125	3	54675	5520528
167	1.63329	3.27909	12.7724	2.53064	1.31228	4.22177	0.0163392	0.0328056	0.12772	1	-5.10591e-05	3.76138e-05	5.01833e-05	-0.0102118	0.00752276	0.0100367	0	0	0	0	-0.0214197	0.481325	-0.861912	34.125	3	54678	5520828
168	0.674336	-0.507075	11.1232	1.44464	-1.97944	2.79727	0.00681549	-0.00511061	0.111226	1	0.000176235	0.00032649	-4.8829e-05	0.0352469	0.065298	-0.0097658	0	0	0	0	-0.0213048	0.480278	-0.857895	34.125	3	54682	5521228
169	-2.31059	0.800729	8.60463	-2.3518	0.813362	-0.639046	-0.0230857	0.00802914	0.0860497	1	-0.000121096	0.000115375	-2.20148e-05	-0.0242191	0.0230749	-0.00440295	0	0	0	0	-0.0230281	0.479183	-0.850336	34.125	3	54685	5521528
170	0.124564	-2.16908	11.0252	0.5588	-3.79548	2.25152	0.00122577	-0.0217813	0.110235	1	0.000410204	-9.18945e-05	8.97165e-06	0.0820407	-0.0183789	0.00179433	0	0	0	0	-0.0176656	0.480051	-0.846806	34.125	3	54688	5521828
171	-0.645307	-0.371757	9.63084	-0.0424385	-0.949046	0.978286	-0.00646455	-0.00372677	0.0963073	1	5.73167e-05	-5.4144e-05	-0.000141735	0.0114633	-0.0108288	-0.028347	0	0	0	0	-0.0153677	0.477353	-0.83324	34.125	3	54692	5522228
172	-1.83592	-0.395586	8.16036	-2.21672	-1.64493	-1.4595	-0.0183763	-0.00400565	0.0815973	1	0.000333535	-9.86856e-05	-0.00012622	0.066707	-0.0197371	-0.025244	0	0	0	0	-0.0108237	0.477643	-0.824163	34.125	3	54695	5522528
173	-0.223841	-0.670149	10.3687	-0.748659	-1.15771	0.49226	-0.00228455	-0.00671979	0.103684	1	9.01552e-05	-0.000216787	-8.82263e-05	0.018031	-0.0433575	-0.0176453	0	0	0	0	-0.00488852	0.481813	-0.814502	34.125	3	54699	5522928
174	-1.39797	0.247619	8.36508	-1.17322	-0.278701	-0.325869	-0.0139532	0.00247012	0.0836554	1	5.1249e-05	0.000155277	-8.96291e-05	0.0102498	0.0310555	-0.0179258	0	0	0	0	-0.00268505	0.479666	-0.804458	34.125	3	54702	5523228
175	-2.4866	0.400945	7.77985	-1.93009	-0.210184	-0.887131	-0.024832	0.00399349	0.0778102	1	0.000130629	0.000214262	-8.79073e-05	0.0261259	0.0428525	-0.0175815	0	0	0	0	0.00454161	0.484899	-0.800335	34.125	3	54705	5523528
176	-1.80353	0.724666	7.82882	-2.34172	-0.16525	-1.97893	-0.0180571	0.00721775	0.0782859	1	0.000198828	-0.000144535	-6.13024e-05	0.0397655	-0.028907	-0.0122605	0	0	0	0	0.0114661	0.483741	-0.793322	34.125	3	54708	5523828
177	-0.469707	-1.77078	10.9062	-1.15081	-2.64581	1.31828	-0.00470251	-0.0177488	0.109055	1	0.000195537	3.81763e-06	-0.000176944	0.0391074	0.000763526	-0.0353888	0	0	0	0	0.0192266	0.486523	-0.78875	34.125	3	54712	5524228
178	-0.158361	-0.245933	9.64949	0.12196	-1.37807	1.04195	-0.00159104	-0.0024472	0.0964951	1	-6.14217e-05	-3.6272e-05	-8.67511e-05	-0.0122843	-0.00725441	-0.0173502	0	0	0	0	0.0241479	0.483511	-0.786315	34.125	3	54715	5524528
179	1.6408	0.987331	12.259	2.14561	0.280478	3.13635	0.0164446	0.00987413	0.122585	1	-1.25698e-05	0.000143668	-6.90524e-05	-0.00251395	0.0287335	-0.0138105	0	0	0	0	0.0318045	0.482996	-0.788382	34.125	3	54718	5524828
180	-1.54929	-1.53628	9.76146	-1.62786	-1.72511	0.203781	-0.0155062	-0.0153423	0.0976157	1	-9.22171e-05	-5.53841e-05	-8.07962e-05	-0.0184434	-0.0110768	-0.0161592	0	0	0	0	0.0404959	0.478082	-0.790551	34.125	3	54722	5525228
181	0.313787	0.462767	11.5191	1.19312	-1.0073	3.12798	0.00313575	0.00462544	0.115191	1	7.71921e-06	-1.20262e-05	-7.0952e-05	0.00154384	-0.00240525	-0.0141904	0	0	0	0	0.0496519	0.472695	-0.793744	34.125	3	54725	5525528
182	-0.797534	-0.849909	9.57285	-0.746181	-1.80794	0.298149	-0.00798131	-0.00853678	0.0957247	1	0.000209734	-1.74305e-05	-0.000154639	0.0419468	-0.00348611	-0.0309278	0	0	0	0	0.058731	0.471218	-0.797354	34.125	3	54728	5525828
183	-2.21343	-0.558688	8.14097	-2.37478	-0.996422	-1.1468	-0.0221453	-0.00560627	0.0814054	1	0.000149733	-6.01897e-05	-0.000112786	0.0299466	-0.0120379	-0.0225572	0	0	0	0	0.0693783	0.461447	-0.801661	34.125	3	54732	5526228
184	0.753726	0.462087	11.1781	1.09182	0.021144	2.0634	0.0075304	0.00462667	0.111781	1	-2.78915e-05	-3.18589e-05	-2.85413e-05	-0.0055783	-0.00637178	-0.00570826	0	0	0	0	0.0778814	0.45908	-0.809833	34.125	3	54735	5526528
185	-1.46233	-0.120789	9.54184	-1.12386	-0.587058	0.829247	-0.0145774	-0.00122732	0.0954252	1	0.000115058	0.000241935	-8.64721e-05	0.0230117	0.048387	-0.0172944	0	0	0	0	0.0855656	0.45469	-0.813502	34.125	3	54738	5526828
186	-0.208667	-0.157892	10.668	-0.240729	-0.428339	1.12562	-0.00208546	-0.00154966	0.106681	1	-0.000135893	6.59295e-06	-6.31758e-05	-0.0271785	0.00131859	-0.0126352	0	0	0	0	0.0964586	0.454724	-0.820622	34.125	3	54742	5527228
187	0.410786	-0.64912	11.5962	0.442503	-1.56268	2.53472	0.00409669	-0.00657679	0.115957	1	0.000367277	-4.53674e-05	-5.02637e-05	0.0734555	-0.00907348	-0.0100527	0	0	0	0	0.102227	0.451307	-0.82325	34.125	3	54745	5527528
188	-0.939744	-0.622681	9.07497	-0.400442	-1.57718	0.578941	-0.00938252	-0.00620401	0.0907528	1	-0.000110163	9.24173e-05	-0.000149301	-0.0220326	0.0184835	-0.0298601	0	0	0	0	0.105973	0.452313	-0.82678	34.125	3	54748	5527828
189	-1.70199	-0.115836	8.50103	-1.91225	-0.784154	-0.529087	-0.0170344	-0.00116854	0.0850073	1	7.87527e-05	-8.37909e-05	-9.40941e-05	0.0157505	-0.0167582	-0.0188188	0	0	0	0	0.111521	0.453394	-0.835368	34.125	3	54752	5528228
190	0.589032	-0.394996	10.7018	0.623112	-1.25141	1.98425	0.00593126	-0.00393025	0.107017	1	-9.8201e-05	0.000195323	-0.000110472	-0.0196402	0.0390646	-0.0220944	0	0	0	0	0.112787	0.453029	-0.842958	34.125	3	54755	5528528
191	-3.04805	-0.0595388	7.98145	-2.50245	-0.40308	-0.458265	-0.0304192	-0.000603207	0.0798378	1	9.33289e-05	0.000385317	-0.000116282	0.0186658	0.0770634	-0.0232564	0	0	0	0	0.116114	0.45255	-0.845004	34.125	3	54758	5528828
192	-1.0328	-0.750284	8.38611	-1.20445	-1.34848	-0.715452	-0.0103885	-0.00752613	0.0838516	1	0.000150191	-0.000352286	-9.13943e-05	0.0300383	-0.0704572	-0.0182789	0	0	0	0	0.116433	0.446882	-0.855738	34.125	3	54762	5529228
193	-2.10009	-1.27731	7.56247	-2.04389	-2.18584	-1.30692	-0.0210113	-0.0127657	0.0756231	1	-1.72704e-05	-4.96048e-05	-0.000114688	-0.00345407	-0.00992097	-0.0229375	0	0	0	0	0.118102	0.447534	-0.865832	34.125	3	54765	5529528
194	-0.607718	-0.330256	9.94509	0.573305	-1.56944	1.62234	-0.00607237	-0.00335521	0.0994495	1	0.000268208	2.60876e-05	-5.72422e-05	0.0536416	0.00521753	-0.0114484	0	0	0	0	0.116729	0.43593	-0.871135	34.125	3	54768	5529828
195	-1.13853	-2.33518	9.04492	-2.37691	-2.98017	-0.827154	-0.0114304	-0.0233644	0.0904402	1	8.22757e-05	-0.000223723	-9.84375e-05	0.0164551	-0.0447447	-0.0196875	0	0	0	0	0.116881	0.433757	-0.886335	34.125	3	54772	5530228
196	-0.0194915	-1.34574	10.5858	-0.0561603	-2.27571	1.91106	-0.000171062	-0.013472	0.105856	1	6.91776e-05	0.000118326	-4.45023e-05	0.0138355	0.0236652	-0.00890047	0	0	0	0	0.119786	0.427455	-0.890024	34.125	3	54775	5530528
197	0.156065	-0.980002	10.9364	1.04261	-1.60412	2.51452	0.00157501	-0.00983366	0.109361	1	0.000152944	7.09414e-05	-5.92996e-05	0.0305887	0.0141883	-0.0118599	0	0	0	0	0.121103	0.418862	-0.901333	34.125	3	54779	5530928
198	-0.623518	-0.135204	10.0579	-0.874014	-0.361219	0.818398	-0.00626408	-0.00135283	0.100577	1	1.16494e-05	-0.000142019	-0.000124224	0.00232988	-0.0284038	-0.0248448	0	0	0	0	0.122522	0.418868	-0.902349	34.125	3	54782	5531228
199	-0.735737	-1.35672	9.85658	-0.337466	-2.16948	1.31936	-0.00735626	-0.0135685	0.0985657	1	1.93867e-05	2.91953e-05	-0.00017127	0.00387735	0.00583905	-0.0342539	0	0	0	0	0.11864	0.41796	-0.904372	34.125	3	54785	5531528
200	-0.945129	-0.361052	8.74528	-1.03822	-0.913666	-0.472795	-0.00948033	-0.00362064	0.0874492	1	7.42772e-05	-0.000159758	-0.000151497	0.0148554	-0.0319517	-0.0302994	0	0	0	0	0.11945	0.419027	-0.909907	34.125	3	54789	5531928
201	0.0116274	0.498284	10.4909	0.679217	-0.704139	2.07129	0.00020322	0.00498707	0.104908	1	-2.042e-05	0.000405108	-0.000195358	-0.00408401	0.0810216	-0.0390715	0	0	0	0	0.120498	0.417511	-0.907421	34.125	3	54792	5532228
202	-3.78711	0.328614	6.74994	-3.46051	0.279214	-1.89347	-0.0378616	0.00330545	0.0675038	1	-2.47699e-05	6.0177e-05	-0.000210858	-0.00495398	0.0120354	-0.0421716	0	0	0	0	0.118852	0.425381	-0.910268	34.125	3	54795	5532528
203	0.64571	-0.212354	11.016	0.397485	-1.48403	1.73221	0.00638192	-0.00219153	0.110163	1	0.000295745	-0.000336907	-0.000220376	0.059149	-0.0673813	-0.0440753	0	0	0	0	0.116072	0.424845	-0.906227	34.125	3	54798	5532828
204	0.118899	0.0400681	10.4198	0.855235	-1.61007	1.89356	0.00117209	0.000287918	0.104199	1	0.000537865	-8.20008e-05	-0.000285139	0.107573	-0.0164002	-0.0570278	0	0	0	0	0.112993	0.429828	-0.910648	34.125	3	54802	5533228
205	-0.858929	-0.160846	8.50364	-1.75463	-0.00930265	-1.24037	-0.00865525	-0.00154798	0.0850309	1	-0.00031344	-0.000380095	-0.000415817	-0.062688	-0.0760189	-0.0831633	0	0	0	0	0.110169	0.431252	-0.907068	34.125	3	54805	5533528
206	-1.71651	-2.41203	8.81378	-2.07671	-3.5448	-0.227795	-0.0171525	-0.024126	0.0881387	1	0.000113921	0.000186626	-0.000419242	0.0227842	0.0373251	-0.0838485	0	0	0	0	0.110102	0.426483	-0.913234	34.125	3	54809	5533928
207	-0.807852	0.753338	9.69398	-0.41426	0.315436	1.07365	-0.00803906	0.00750799	0.0969451	1	0.000173051	0.00016422	-0.000506392	0.0346101	0.032844	-0.101278	0	0	0	0	0.110024	0.427503	-0.915736	34.125	3	54812	5534228
208	-0.461971	-1.1607	10.5628	-0.176623	-1.88224	2.06984	-0.00460311	-0.0116079	0.105629	1	3.12051e-05	0.000146418	-0.00061744	0.00624103	0.0292835	-0.123488	0	0	0	0	0.110491	0.423173	-0.91937	34.125	3	54815	5534528
209	-0.717486	0.339391	9.59235	-0.466717	-0.445761	1.15774	-0.00714736	0.00331765	0.0959283	0.999999	0.000454525	0.000116624	-0.000763661	0.0909051	0.0233249	-0.152732	0	0	0	0	0.113288	0.424178	-0.922391	34.125	3	54819	5534928
210	-0.0965088	-0.60316	10.1062	1.05454	-1.32692	1.8335	-0.000959082	-0.00605812	0.10106	1	0.000137397	6.89061e-05	-0.000655178	0.0274794	0.0137812	-0.131036	0	0	0	0	0.11535	0.417315	-0.921543	34.125	3	54822	5535228
211	-0.253628	-0.249017	11.0161	-0.0468602	-0.424666	1.89773	-0.00248357	-0.0024297	0.110163	1	-0.000258856	0.000254495	-0.000683293	-0.0517712	0.0508991	-0.136659	0	0	0	0	0.120462	0.420776	-0.92654	34.125	3	54825	5535528
212	-3.72598	0.885786	6.95665	-3.56634	0.866096	-1.58803	-0.0372216	0.00891466	0.0695797	1	-9.44727e-06	0.000179136	-0.000744945	-0.00188945	0.0358272	-0.148989	0	0	0	0	0.124311	0.420744	-0.926559	34.125	3	54829	5535928
213	-1.46091	-1.4718	8.38912	-1.71151	-1.31115	-0.934021	-0.0146789	-0.0146722	0.083887	1	-0.00013739	-0.000280174	-0.000774277	-0.0274779	-0.0560348	-0.154855	0	0	0	0	0.127553	0.426108	-0.92797	34.125	3	54832	5536228
214	0.497844	2.4131	10.7022	1.90628	1.32575	2.49879	0.00505448	0.0241216	0.10702	1	8.71408e-06	0.000185961	-0.000750966	0.00174282	0.0371923	-0.150193	0	0	0	0	0.129821	0.43149	-0.929881	34.125	3	54835	5536528
215	-1.70967	-0.937335	8.29455	-2.76166	-1.21545	-1.35012	-0.0171526	-0.00938512	0.0829327	1	0.000235081	-0.000247173	-0.000795025	0.0470162	-0.0494346	-0.159005	0	0	0	0	0.131117	0.435922	-0.932819	34.125	3	54838	5536828
216	0.848208	-1.23979	11.531	0.148831	-2.87802	1.90595	0.00840246	-0.0124691	0.115308	1	0.000250506	-0.000259265	-0.000797286	0.0501012	-0.0518531	-0.159457	0	0	0	0	0.131379	0.443307	-0.936696	34.125	3	54842	5537228
217	-1.48783	0.901123	9.75434	-1.30435	0.565467	0.772994	-0.0148532	0.00899088	0.0975491	1	0.000200985	7.02458e-05	-0.000634322	0.040197	0.0140492	-0.126864	0	0	0	0	0.132165	0.447282	-0.941157	34.125	3	54845	5537528
218	0.178753	-1.84473	10.1741	-0.210906	-2.76163	1.07429	0.00170246	-0.0184384	0.101745	1	-5.71516e-05	-0.000278695	-0.000768801	-0.0114303	-0.055739	-0.15376	0	0	0	0	0.13389	0.452713	-0.94559	34.125	3	54848	5537828
219	-0.241554	3.2043	11.4054	0.555807	2.18115	2.89631	-0.00235292	0.0320227	0.114061	1	0.000104017	7.04218e-05	-0.000726638	0.0208034	0.0140844	-0.145328	0	0	0	0	0.13317	0.450964	-0.956737	34.125	3	54852	5538228
220	-0.534734	-1.28443	8.96062	-0.541494	-2.24884	0.193957	-0.00538403	-0.0128719	0.0896001	1	0.000195085	-0.000105461	-0.000691663	0.039017	-0.0210922	-0.138333	0	0	0	0	0.131867	0.454594	-0.968266	34.125	3	54855	5538528
221	0.750418	0.553562	12.7214	1.16553	-0.325489	3.68651	0.00756054	0.00555045	0.12721	1	-0.000102861	0.000188708	-0.000752852	-0.0205722	0.0377415	-0.15057	0	0	0	0	0.135155	0.449805	-0.974954	34.125	3	54858	5538828
222	-1.96831	-0.428578	8.46609	-1.38492	-0.78818	0.0455127	-0.0196705	-0.00429387	0.0846635	1	0.000191184	0.000106091	-0.000616843	0.0382368	0.0212182	-0.123369	0	0	0	0	0.137673	0.451497	-0.989069	34.125	3	54862	5539228
223	-2.35381	1.1924	7.66645	-2.28672	1.64565	-1.23038	-0.0235224	0.0119717	0.0766619	1	-4.73961e-05	-3.1468e-05	-0.00085907	-0.00947922	-0.0062936	-0.171814	0	0	0	0	0.138548	0.450107	-0.99365	34.125	3	54865	5539528
224	0.451387	-0.139924	11.7449	1.26295	-1.41215	3.65758	0.00454192	-0.0014621	0.117447	1	0.000239038	0.00012842	-0.000740826	0.0478076	0.0256839	-0.148165	0	0	0	0	0.137265	0.451794	-1.00573	34.125	3	54868	5539828
225	0.487678	-0.134451	10.6322	0.401395	-0.758905	1.75341	0.00489569	-0.00134876	0.106322	1	-1.62046e-05	9.88922e-05	-0.000787554	-0.00324093	0.0197784	-0.157511	0	0	0	0	0.13716	0.455245	-1.00767	34.125	3	54872	5540228
226	-0.639528	0.0392896	10.8552	0.417666	-0.977052	2.83784	-0.00632206	0.000399978	0.108557	0.999999	1.97118e-05	0.000334009	-0.000893365	0.00394237	0.0668017	-0.178673	0	0	0	0	0.136448	0.455899	-1.01674	34.125	3	54875	5540528
227	0.0292421	-1.08285	11.5049	-0.361082	-2.42161	2.49496	0.000290991	-0.0108588	0.115046	1	0.00012945	6.73522e-05	-0.000780518	0.0258899	0.0134704	-0.156104	0	0	0	0	0.136665	0.463798	-1.02213	34.125	3	54878	5540828
228	0.0582707	-1.12309	10.6403	0.553257	-2.77836	2.47566	0.000587262	-0.0112799	0.106397	0.999999	0.000225209	0.000114716	-0.000882121	0.0450418	0.0229431	-0.176424	0	0	0	0	0.133145	0.466346	-1.0266	34.125	3	54882	5541228
229	-1.12051	-1.70697	8.60711	-1.06868	-1.76016	-0.124843	-0.0112792	-0.0170278	0.0860697	0.999999	-0.000125248	-0.000251418	-0.00090343	-0.0250495	-0.0502836	-0.180686	0	0	0	0	0.129512	0.472832	-1.033	34.125	3	54885	5541528
230	-4.48812	1.86504	5.6847	-4.77066	2.23073	-3.28045	-0.0448443	0.0186857	0.0568645	0.999999	0.000348327	4.99116e-05	-0.000835102	0.0696654	0.00998233	-0.16702	0	0	0	0	0.126569	0.474826	-1.03396	34.125	3	54888	5541828
231	-1.84199	-0.361615	8.62268	-1.14657	-0.890257	0.529427	-0.0183736	-0.0035956	0.0862376	0.999999	8.77902e-05	0.000309145	-0.000969919	0.0175581	0.061829	-0.193984	0	0	0	0	0.121874	0.479947	-1.04544	34.125	3	54892	5542228
232	0.959492	-0.52076	12.3	0.564418	-1.54968	2.93395	0.00957902	-0.00525486	0.122999	1	0.00012855	-2.99566e-05	-0.000815289	0.02571	-0.00599133	-0.163058	0	0	0	0	0.118486	0.479026	-1.04696	34.125	3	54895	5542528
233	-0.121477	-1.74206	10.1649	-0.677446	-3.11871	1.52656	-0.00126113	-0.0175133	0.101633	0.999999	0.000467612	-6.63606e-05	-0.000940726	0.0935224	-0.0132721	-0.188145	0	0	0	0	0.114479	0.473873	-1.05715	34.125	3	54899	5542928
234	1.94092	-0.609157	14.1333	2.15383	-1.7591	5.34975	0.0194139	-0.0060557	0.141334	0.999999	-0.000252824	5.58125e-05	-0.000916808	-0.0505648	0.0111625	-0.183362	0	0	0	0	0.113853	0.471573	-1.06478	34.125	3	54902	5543228
235	1.61943	1.18148	13.0957	2.6027	0.0792373	4.37867	0.0161467	0.0118107	0.130964	0.999999	-9.04009e-05	-0.000259619	-0.000860817	-0.0180802	-0.0519239	-0.172163	0	0	0	0	0.110862	0.466855	-1.07244	34.125	3	54905	5543528
236	-0.829379	0.35419	8.51688	-0.367982	-0.438315	-0.112033	-0.00830876	0.0035487	0.0851671	0.999999	5.1729e-05	-0.000127073	-0.000940556	0.0103458	-0.0254146	-0.188111	0	0	0	0	0.109287	0.467445	-1.07747	34.125	3	54908	5543828
237	-1.80423	-0.121526	10.6294	-1.48714	-1.37775	2.4081	-0.0179885	-0.00122293	0.106303	0.999999	0.000193209	0.000263427	-0.000927155	0.0386417	0.0526854	-0.185431	0	0	0	0	0.110626	0.461245	-1.0862	34.125	3	54912	5544228
238	0.578075	0.00246965	11.6652	1.08171	-1.37282	3.57424	0.00579086	1.27593e-05	0.116651	1	1.14649e-05	4.32025e-05	-0.00080044	0.00229298	0.0086405	-0.160088	0	0	0	0	0.109817	0.466307	-1.09619	34.125	3	54915	5544528
239	-0.920409	1.06873	9.95513	-0.849311	1.15577	0.729414	-0.00919468	0.0107508	0.0995454	0.999999	-0.00023397	-5.17712e-05	-0.000919805	-0.046794	-0.0103542	-0.183961	0	0	0	0	0.108842	0.464879	-1.09773	34.125	3	54918	5544828
240	0.976947	0.231543	11.7693	1.2292	-1.90005	2.9402	0.0097955	0.0022247	0.117693	1	0.000318948	9.51367e-05	-0.000800193	0.0637895	0.0190273	-0.160039	0	0	0	0	0.108983	0.468497	-1.10927	34.125	3	54922	5545228
241	-0.316653	-0.94458	10.4716	-1.30088	-1.45189	1.03489	-0.0031898	-0.00942821	0.104717	0.999999	-5.35615e-05	-2.06208e-05	-0.0010039	-0.0107123	-0.00412417	-0.200779	0	0	0	0	0.104519	0.474413	-1.11063	34.125	3	54925	5545528
242	-2.14187	-1.39535	8.43444	-2.89854	-1.73968	-0.483906	-0.0214263	-0.0140169	0.084332	0.999999	0.000575316	8.53791e-05	-0.000786104	0.115063	0.0170758	-0.157221	0	0	0	0	0.101309	0.478528	-1.12113	34.125	3	54928	5545828
243	-0.281567	-0.298466	10.3317	-0.471936	-0.478269	0.992002	-0.00286935	-0.00295997	0.103316	0.999999	-9.49895e-05	-0.000234158	-0.000891143	-0.0189979	-0.0468317	-0.178229	0	0	0	0	0.0957255	0.482158	-1.13062	34.125	3	54932	5546228
244	-1.70692	0.207768	9.03118	-1.46221	-0.502319	0.473869	-0.017048	0.00207445	0.0903159	0.999999	0.000197116	9.55805e-05	-0.000948903	0.0394232	0.0191161	-0.189781	0	0	0	0	0.0844823	0.480452	-1.13919	34.125	3	54935	5546528
245	1.00023	1.70386	11.0809	1.44692	0.456952	2.37654	0.0099621	0.0169903	0.11082	0.999999	0.000136793	-0.000319729	-0.000900876	0.0273586	-0.0639458	-0.180175	0	0	0	0	0.0784138	0.483607	-1.1492	34.125	3	54938	5546828
246	-2.5572	-1.00794	7.84751	-2.48063	-1.06376	-0.457225	-0.0255685	-0.0100816	0.078476	0.999999	0.000317154	0.000141808	-0.000929634	0.0634308	0.0283616	-0.185927	0	0	0	0	0.0670791	0.478595	-1.1639	34.125	3	54942	5547228
247	-1.18433	2.41413	9.97856	0.516884	1.78442	2.1856	-0.0117389	0.0241618	0.099793	0.999999	-1.62565e-06	0.000315376	-0.000857311	-0.00032513	0.0630752	-0.171462	0	0	0	0	0.0566839	0.479374	-1.17545	34.125	3	54945	5547528
248	-1.89959	0.482871	8.35835	-1.87202	0.266678	-0.305114	-0.0190045	0.0048436	0.0835807	1	9.72798e-05	-9.86603e-05	-0.000819732	0.019456	-0.0197321	-0.163946	0	0	0	0	0.0450408	0.47424	-1.18309	34.125	3	54949	5547928
249	-1.46158	-0.871453	8.50197	-1.96418	-1.03897	-0.390764	-0.0146543	-0.00874012	0.0850104	0.999999	0.000304721	-0.00013409	-0.000895961	0.0609441	-0.026818	-0.179192	0	0	0	0	0.0356851	0.472545	-1.19319	34.125	3	54952	5548228
250	0.910804	0.40045	12.2029	1.12471	-0.620114	3.49676	0.00913316	0.00401029	0.122027	1	-8.35047e-05	7.66799e-05	-0.000799897	-0.0167009	0.015336	-0.15998	0	0	0	0	0.0240486	0.475116	-1.19509	34.125	3	54955	5548528
251	-0.584117	-0.632136	10.513	-1.099	-1.89178	1.64658	-0.00580881	-0.00643815	0.105125	0.999999	0.000605854	0.000209117	-0.000909415	0.121171	0.0418234	-0.181883	0	0	0	0	0.0142612	0.473389	-1.20317	34.125	3	54958	5548828
252	-0.877643	0.361952	11.0369	-0.097778	-0.3373	2.95126	-0.00873584	0.00358175	0.110374	0.999999	0.000241987	0.000154772	-0.00089369	0.0483975	0.0309545	-0.178738	0	0	0	0	-0.000281999	0.477926	-1.20452	34.125	3	54962	5549228
253	0.856062	0.432765	11.8595	1.16527	-1.14068	3.07416	0.00851763	0.00423797	0.118602	0.999999	0.000314434	-0.000213154	-0.000884136	0.0628869	-0.0426308	-0.176827	0	0	0	0	-0.0113349	0.479455	-1.20292	34.125	3	54965	5549528
254	-0.99964	0.404924	9.47517	-0.46055	0.255177	0.708152	-0.0100144	0.0040661	0.0947491	0.999999	7.11726e-06	-0.000134172	-0.000909732	0.00142345	-0.0268343	-0.181946	0	0	0	0	-0.0267611	0.487315	-1.19863	34.125	3	54968	5549828
255	-1.55625	0.0260141	8.43881	-0.790604	0.237953	0.0824454	-0.015625	0.00032184	0.0843763	0.999999	-0.000189185	-0.000373333	-0.000954588	-0.0378371	-0.0746666	-0.190918	0	0	0	0	-0.0439988	0.488362	-1.19449	34.125	3	54972	5550228
256	-2.40942	-0.640214	9.07663	-2.99439	-0.948327	-0.0274751	-0.0240853	-0.00643039	0.0907667	0.999999	0.000385859	0.000110759	-0.000867526	0.0771718	0.0221518	-0.173505	0	0	0	0	-0.0618481	0.492882	-1.19329	34.125	3	54975	5550528
257	-0.431777	-0.372416	10.4494	0.116767	-1.31929	1.9177	-0.00432662	-0.00372205	0.104494	0.999999	2.69131e-05	-1.04652e-05	-0.000894547	0.00538263	-0.00209304	-0.178909	0	0	0	0	-0.0741232	0.491369	-1.18468	34.125	3	54978	5550828
258	0.0717187	1.47831	10.9276	0.56022	0.690246	1.61659	0.000672043	0.0147635	0.109278	1	8.42594e-05	-0.000319006	-0.000831762	0.0168519	-0.0638013	-0.166352	0	0	0	0	-0.0908195	0.488032	-1.18115	34.125	3	54982	5551228
259	-2.56176	0.290486	7.47789	-2.17075	0.0454411	-1.10002	-0.0256616	0.00292663	0.0747629	0.999999	0.000151526	-0.000328021	-0.000866479	0.0303051	-0.0656041	-0.173296	0	0	0	0	-0.106496	0.485608	-1.17456	34.125	3	54985	5551528
260	-1.54795	0.509093	8.98312	-1.24641	-0.0782328	0.280296	-0.0154865	0.00506569	0.0898315	1	0.000278937	-8.42537e-05	-0.000803172	0.0557875	-0.0168507	-0.160635	0	0	0	0	-0.117822	0.479761	-1.16959	34.125	3	54988	5551828
261	-0.620103	0.312169	9.52165	-0.5969	-0.238141	0.223119	-0.00624932	0.00312669	0.0952132	0.999999	3.28987e-05	-0.000283265	-0.000904732	0.00657974	-0.056653	-0.180947	0	0	0	0	-0.129531	0.47529	-1.15953	34.125	3	54992	5552228
262	-3.41017	0.0370615	7.63632	-3.55523	-0.131849	-1.18387	-0.0341077	0.000354531	0.0763607	0.999999	0.000461543	-4.28215e-05	-0.000797613	0.0923086	-0.00856431	-0.159523	0	0	0	0	-0.135952	0.467407	-1.1521	34.125	3	54995	5552528
263	-1.56701	-1.75816	8.93581	-2.23251	-1.8952	-0.078207	-0.0157365	-0.0175792	0.0893469	0.999999	0.000140002	-0.000199362	-0.000874018	0.0280004	-0.0398724	-0.174804	0	0	0	0	-0.143473	0.467823	-1.14448	34.125	3	54998	5552828
264	-1.20282	-1.27787	8.83559	-1.50101	-2.04057	0.128113	-0.0121009	-0.0128242	0.0883394	0.999999	0.000373873	-0.000288156	-0.000852478	0.0747747	-0.0576311	-0.170496	0	0	0	0	-0.153056	0.462226	-1.12689	34.125	3	55002	5553228
265	-1.24118	-0.618447	9.44131	-1.10501	-1.13519	0.775398	-0.0123952	-0.00619228	0.0944148	1	0.000141296	0.000138016	-0.000760898	0.0282591	0.0276033	-0.15218	0	0	0	0	-0.158118	0.463065	-1.11674	34.125	3	55005	5553528
266	-1.90065	-0.750141	8.619	-2.01072	-1.04558	-0.175476	-0.0190126	-0.00746895	0.0861915	0.999999	1.00243e-05	4.2484e-05	-0.000899208	0.00200487	0.0084968	-0.179842	0	0	0	0	-0.162596	0.462862	-1.10309	34.125	3	55008	5553828
267	-2.14378	-2.52398	8.85523	-2.89185	-2.46398	-0.22644	-0.0214607	-0.0252063	0.0885563	1	-1.39669e-05	7.67457e-05	-0.000724017	-0.00279337	0.0153491	-0.144804	0	0	0	0	-0.166584	0.465057	-1.08737	34.125	3	55012	5554228
268	-1.55093	0.0556305	9.17426	-1.37495	-0.34796	0.363191	-0.0155122	0.000538596	0.0917423	1	0.000210022	-1.97412e-05	-0.000671352	0.0420044	-0.00394824	-0.13427	0	0	0	0	-0.169658	0.470171	-1.07158	34.125	3	55015	5554528
266	0.0623685	-2.20593	10.4177	-0.243604	-3.91932	1.9395	0.000595353	-0.0220688	0.104175	1	4.2349e-05	-8.53092e-06	-0.000601771	0.00846979	-0.00170618	-0.120354	0	0	0	0	-0.173154	0.469463	-1.05744	34.125	3	55018	5554828
270	-1.56179	0.151558	9.25409	-1.08234	-0.782855	0.572875	-0.015639	0.00151099	0.0925374	1	8.54484e-05	-0.00011961	-0.000358919	0.0170897	-0.023922	-0.0717837	0	0	0	0	-0.174711	0.471621	-1.04072	34.125	3	55022	5555228
271	-0.708471	0.896422	9.26259	-0.936035	0.0129784	-0.202796	-0.00708673	0.00894489	0.0926277	1	0.000130122	-4.35284e-05	-0.000337392	0.0260243	-0.00870568	-0.0674784	0	0	0	0	-0.177245	0.468014	-1.02866	34.125	3	55025	5555528
272	-0.324099	-1.16992	10.8978	-0.254047	-2.83401	2.47885	-0.00319859	-0.011779	0.108971	1	0.000372687	0.000219217	-0.000229182	0.0745374	0.0438435	-0.0458365	0	0	0	0	-0.175123	0.469299	-1.01955	34.125	3	55028	5555828
273	-1.2654	0.637191	9.16405	-0.487924	-0.268718	0.829098	-0.0126376	0.0063416	0.0916448	1	0.000176281	8.42465e-05	-7.89727e-05	0.0352563	0.0168493	-0.0157945	0	0	0	0	-0.171317	0.462686	-1.00608	34.125	3	55032	5556228
274	-1.06339	1.47947	10.4875	0.198213	0.864251	1.82924	-0.0105874	0.0148003	0.104879	1	-2.53945e-05	0.000219891	-1.2048e-05	-0.0050789	0.0439782	-0.0024096	0	0	0	0	-0.169229	0.461587	-1.00005	34.125	3	55035	5556528
275	-0.624745	0.425099	10.0484	-1.08323	0.157444	0.18399	-0.00628623	0.00425906	0.100481	1	-4.16383e-05	-0.000191972	2.31642e-05	-0.00832765	-0.0383944	0.00463285	0	0	0	0	-0.16307	0.457402	-0.987045	34.125	3	55038	5556828
276	-1.32117	0.496489	9.04997	-1.05708	0.0201907	-0.177453	-0.0131993	0.00491791	0.0905041	1	0.000224499	8.17416e-05	0.000240154	0.0448999	0.0163483	0.0480308	0	0	0	0	-0.1561	0.457175	-0.977486	34.125	3	55042	5557228
277	-1.31845	0.505125	9.1611	-0.674675	-0.471264	0.602446	-0.0131612	0.00505351	0.0916143	1	-3.27892e-05	0.000135199	0.00014258	-0.00655784	0.0270399	0.028516	0	0	0	0	-0.148271	0.456533	-0.972486	34.125	3	55045	5557528
278	-0.181494	-1.30366	10.6137	-0.264392	-2.4725	1.84481	-0.00183449	-0.013035	0.106137	1	-1.13167e-05	-0.000121239	0.000237023	-0.00226334	-0.0242478	0.0474045	0	0	0	0	-0.134976	0.457166	-0.959401	34.125	3	55049	5557928
279	-2.73345	-0.753761	7.0081	-3.00235	-0.245655	-1.97857	-0.0273418	-0.00753189	0.0700787	1	-0.000118591	-7.37641e-05	0.000199488	-0.0237182	-0.0147528	0.0398977	0	0	0	0	-0.127664	0.459446	-0.953829	34.125	3	55052	5558228
280	-2.57497	1.40073	7.10807	-1.90382	1.2413	-1.81432	-0.0257709	0.0139809	0.0710782	1	0.000105948	-0.000105524	0.000221952	0.0211897	-0.0211048	0.0443904	0	0	0	0	-0.120673	0.460167	-0.942734	34.125	3	55055	5558528
281	-0.922211	0.938281	10.3758	0.497338	0.199643	1.9885	-0.00917366	0.00942782	0.103759	1	-0.000237188	0.000254241	0.000228854	-0.0474375	0.0508483	0.0457708	0	0	0	0	-0.109621	0.466832	-0.938596	34.125	3	55058	5558828
282	-0.622692	1.09451	9.41348	0.550647	0.619771	0.724704	-0.00624675	0.0109922	0.094128	1	-0.000277081	-5.80705e-05	0.000405688	-0.0554162	-0.0116141	0.0811377	0	0	0	0	-0.099295	0.469476	-0.927474	34.125	3	55062	5559228
283	-0.85648	-1.76663	9.21296	-1.55076	-2.78071	0.174447	-0.00855677	-0.017674	0.0921289	1	1.63576e-06	-3.96069e-05	0.000433839	0.000327152	-0.00792138	0.0867677	0	0	0	0	-0.0911516	0.473771	-0.925901	34.125	3	55065	5559528
284	-2.14951	0.172605	8.78802	-2.32684	-0.415184	-0.204466	-0.0214847	0.00162712	0.0878847	1	0.000404217	7.18819e-05	0.000648815	0.0808434	0.0143764	0.129763	0	0	0	0	-0.0837418	0.473088	-0.918374	34.125	3	55068	5559828
285	-2.43962	0.401858	8.12028	-2.39073	0.0499382	-0.575472	-0.024428	0.00397041	0.0811956	1	0.000112962	-0.00016599	0.000610825	0.0225925	-0.0331981	0.122165	0	0	0	0	-0.0755865	0.475928	-0.917338	34.125	3	55072	5560228
286	0.320935	-0.625109	11.3412	0.413321	-1.49985	2.05672	0.00316316	-0.00626947	0.113413	0.999999	0.000104641	-0.000250095	0.0008414	0.0209281	-0.0500189	0.16828	0	0	0	0	-0.0692912	0.474883	-0.916381	34.125	3	55075	5560528
287	0.680762	-0.875174	11.4329	0.854006	-2.77903	3.38182	0.00685781	-0.00881648	0.114321	0.999999	0.000347767	0.000136445	0.00108128	0.0695535	0.0272891	0.216257	0	0	0	0	-0.0571498	0.469399	-0.915548	34.125	3	55079	5560928
288	-0.205969	2.04049	11.0014	0.222205	1.10357	1.69662	-0.00212454	0.0204247	0.110009	0.999999	-0.000112415	-7.74603e-05	0.00117088	-0.0224829	-0.0154921	0.234176	0	0	0	0	-0.049412	0.465451	-0.916682	34.125	3	55082	5561228
289	-0.668827	-0.0701444	9.78568	-1.06302	-0.706859	0.176615	-0.00672562	-0.000692657	0.0978543	0.999999	-0.000140157	-0.000200754	0.00138983	-0.0280314	-0.0401508	0.277967	0	0	0	0	-0.0384051	0.461547	-0.92187	34.125	3	55085	5561528
290	-1.49282	0.274365	8.92589	-1.13586	-0.262909	0.381073	-0.0149228	0.00268746	0.0892615	0.999999	5.76357e-05	7.68135e-05	0.00153781	0.0115272	0.0153627	0.307562	0	0	0	0	-0.0273408	0.457119	-0.92505	34.125	3	55088	5561828
291	-1.66791	-0.328575	9.11054	-1.57258	-0.806487	0.0306258	-0.0166901	-0.00336514	0.0911005	0.999998	0.000121715	-0.00012274	0.00171446	0.024343	-0.0245479	0.342892	0	0	0	0	-0.0138666	0.45315	-0.927726	34.125	3	55092	5562228
292	-1.48989	-1.10006	9.54078	-2.41145	-1.17244	-0.104154	-0.0148904	-0.0110045	0.0954087	0.999998	-0.000272793	-0.000172172	0.00187963	-0.0545587	-0.0344344	0.375926	0	0	0	0	-0.00241516	0.450715	-0.933389	34.125	3	55095	5562528
293	0.0218394	1.75515	10.6016	0.49134	0.650687	1.73617	0.00015834	0.0175826	0.106011	0.999998	-0.000143316	3.83258e-05	0.00194056	-0.0286632	0.00766516	0.388112	0	0	0	0	0.00875258	0.448139	-0.930972	34.125	3	55098	5562828
294	-2.29536	0.824615	7.92663	-2.08367	1.02532	-1.35448	-0.023009	0.00817678	0.0792575	0.999997	-0.000192766	-0.00012374	0.0021743	-0.0385533	-0.024748	0.434861	0	0	0	0	0.0239353	0.450576	-0.938059	34.125	3	55102	5563228
295	-0.787061	2.63463	9.95474	0.649464	1.93503	1.30479	-0.00793405	0.0263753	0.0995347	0.999997	-0.000327227	0.000287178	0.00228766	-0.0654455	0.0574356	0.457533	0	0	0	0	0.0345891	0.44851	-0.936639	34.125	3	55105	5563528
296	-1.50324	1.24521	9.13776	-1.4892	0.590195	0.198507	-0.0150633	0.0124173	0.0913773	0.999997	-0.00019835	0.000152036	0.00235921	-0.03967	0.0304072	0.471842	0	0	0	0	0.0416702	0.448549	-0.942226	34.125	3	55108	5563828
297	-0.774465	0.854903	9.44353	-0.975864	-0.0179187	0.0550685	-0.00786073	0.00850271	0.0944299	0.999996	2.81446e-05	-0.000377422	0.0026274	0.00562892	-0.0754845	0.52548	0	0	0	0	0.0536407	0.448973	-0.944292	34.125	3	55112	5564228
298	-0.878654	0.537364	10.1412	-0.201594	-0.636963	1.37607	-0.00880002	0.00534803	0.101413	0.999996	-0.000102945	7.33409e-05	0.00264383	-0.0205891	0.0146682	0.528766	0	0	0	0	0.0599479	0.446473	-0.943872	34.125	3	55115	5564528
299	-2.81791	1.77852	8.47162	-2.3735	1.22984	-0.582068	-0.0283075	0.0176528	0.0847011	0.999996	-9.13491e-05	-0.000210209	0.00261838	-0.0182698	-0.0420418	0.523676	0	0	0	0	0.0660867	0.444578	-0.950003	34.125	3	55118	5564828
300	1.41238	-0.175357	13.2297	1.96748	-1.83242	4.51836	0.0141671	-0.00164076	0.132294	0.999996	-0.000127539	0.000127781	0.00279483	-0.0255078	0.0255562	0.558967	0	0	0	0	0.0704923	0.436295	-0.952733	34.125	3	55122	5565228
301	1.81213	0.844243	12.2072	2.20532	-0.679864	3.44811	0.0180095	0.00856061	0.12208	0.999996	-5.90937e-05	-0.000257641	0.00287159	-0.0118188	-0.0515283	0.574318	0	0	0	0	0.075174	0.430085	-0.962489	34.125	3	55125	5565528
302	-0.0817487	1.14586	12.5771	1.18137	-0.175918	3.9629	-0.000845766	0.0115383	0.125763	0.999996	-0.000335782	0.000151628	0.0028881	-0.0671565	0.0303256	0.577621	0	0	0	0	0.0829432	0.421295	-0.96575	34.125	3	55128	5565828
303	-1.42429	1.34978	8.8642	-0.947041	0.771085	-0.0517073	-0.0142976	0.0134419	0.0886417	0.999995	-0.000174928	0.000153953	0.00304539	-0.0349857	0.0307906	0.609079	0	0	0	0	0.0886763	0.411157	-0.974588	34.125	3	55132	5566228
304	-0.403962	0.814547	9.4789	0.210645	0.100193	0.878741	-0.00408156	0.00815899	0.0947861	0.999995	-0.000203818	4.4754e-05	0.00309285	-0.0407636	0.00895081	0.61857	0	0	0	0	0.0930169	0.405331	-0.978273	34.125	3	55135	5566528
305	-0.555446	0.951864	9.41083	-0.450502	0.182734	0.266274	-0.00564435	0.00951068	0.0941037	0.999995	-0.0001482	-0.000153874	0.00320158	-0.0296401	-0.0307748	0.640317	0	0	0	0	0.0982699	0.398088	-0.985024	34.125	3	55138	5566828
306	-1.61076	0.154655	8.97369	-1.28834	-1.07169	0.201241	-0.0161411	0.00145062	0.0897325	0.999995	-4.55294e-05	-0.000132679	0.0032283	-0.0091059	-0.0265358	0.645661	0	0	0	0	0.105061	0.391727	-0.987217	34.125	3	55142	5567228
307	-2.94186	0.628897	7.04625	-3.4816	0.148126	-2.6443	-0.029504	0.0061212	0.0704416	0.999994	-0.000200108	-0.000312559	0.00332579	-0.0400216	-0.062512	0.66516	0	0	0	0	0.108143	0.385778	-0.983323	34.125	3	55145	5567528
308	-1.68825	0.66255	7.90078	-1.30949	-0.176698	-0.859054	-0.016922	0.0065119	0.0790088	0.999994	-1.67541e-05	3.58139e-05	0.00343896	-0.00335083	0.00716279	0.687794	0	0	0	0	0.111453	0.384828	-0.98639	34.125	3	55148	5567828
309	-2.43599	1.49401	7.76801	-2.37705	0.781038	-1.09334	-0.0244831	0.0148454	0.0776595	0.999994	-0.000440144	-0.000152776	0.00333869	-0.088029	-0.0305552	0.66774	0	0	0	0	0.113077	0.381312	-0.981425	34.125	3	55152	5568228
310	-0.891362	-0.491514	9.89341	-0.472662	-1.99644	0.647423	-0.00888276	-0.00497684	0.0989338	0.999994	9.31875e-06	-1.22013e-05	0.00336341	0.00186375	-0.00244026	0.672683	0	0	0	0	0.113521	0.381335	-0.982942	34.125	3	55155	5568528
311	0.36527	1.82924	10.6549	0.775488	0.569478	1.74307	0.00350035	0.0182818	0.106556	0.999994	0.000163021	-0.000135115	0.00337835	0.0326043	-0.027023	0.675671	0	0	0	0	0.113208	0.380734	-0.976388	34.125	3	55158	5568828
312	0.00410982	-0.409103	10.9814	0.450229	-0.936225	1.89862	3.59537e-05	-0.00400533	0.109817	0.999994	-0.000389039	-0.000145706	0.00331718	-0.0778079	-0.0291412	0.663438	0	0	0	0	0.11132	0.379277	-0.975906	34.125	3	55162	5569228
313	-0.763372	0.449223	9.75031	-1.0434	0.118666	0.249421	-0.00766239	0.004477	0.0975016	0.999994	-0.000189071	9.62489e-06	0.00340619	-0.0378143	0.00192498	0.681239	0	0	0	0	0.113318	0.377762	-0.973929	34.125	3	55165	5569528
314	-2.47817	1.46965	7.52806	-2.4342	0.165895	-1.21543	-0.0248614	0.014586	0.0752758	0.999994	-0.000386562	0.000131175	0.00339686	-0.0773125	0.0262351	0.679374	0	0	0	0	0.111943	0.37146	-0.975578	34.125	3	55169	5569928
315	0.430022	-0.153931	10.12	0.483322	-0.92129	0.910746	0.00432762	-0.00145564	0.1012	0.999994	-0.000269692	8.55064e-05	0.00337109	-0.0539386	0.0171013	0.67422	0	0	0	0	0.116279	0.3666	-0.978736	34.125	3	55172	5570228
316	-1.22036	1.22036	9.84515	-1.3174	0.797834	1.3083	-0.0122495	0.0122057	0.0984456	0.999994	-0.000432174	0.000187835	0.0033933	-0.0864349	0.0375671	0.678661	0	0	0	0	0.118444	0.360144	-0.973334	34.125	3	55175	5570528
317	-0.966561	0.145182	9.31886	-0.526114	-0.703389	0.171757	-0.009664	0.00143794	0.0931891	0.999995	-0.000259484	5.86021e-05	0.00322011	-0.0518968	0.0117204	0.644023	0	0	0	0	0.122317	0.355758	-0.97547	34.125	3	55179	5570928
318	-1.72493	0.951148	8.88788	-1.94034	0.417429	-0.173165	-0.0173199	0.00944069	0.0888726	0.999994	-0.00025808	-3.73976e-05	0.003375	-0.0516161	-0.00747953	0.675002	0	0	0	0	0.126448	0.349738	-0.968047	34.125	3	55182	5571228
319	-0.869986	1.90539	10.3659	-0.791273	1.55722	1.72996	-0.00882901	0.0190958	0.10364	0.999994	-0.000491216	6.13994e-06	0.00341866	-0.0982435	0.00122799	0.683733	0	0	0	0	0.132126	0.348796	-0.972639	34.125	3	55185	5571528
320	-1.38244	1.24427	8.55011	-1.36508	0.350037	-0.0898201	-0.0138925	0.0124158	0.085494	0.999994	-0.000394514	9.6853e-05	0.00340667	-0.0789029	0.0193706	0.681336	0	0	0	0	0.139613	0.345647	-0.963653	34.125	3	55189	5571928
321	0.274112	1.40932	11.1645	0.460906	1.10011	2.53429	0.00267879	0.0141449	0.11164	0.999994	-0.000147685	0.000156482	0.00344446	-0.0295371	0.0312964	0.688894	0	0	0	0	0.141262	0.343557	-0.956636	34.125	3	55192	5572228
322	0.750591	1.54026	11.0649	1.52232	1.53763	2.90161	0.00738993	0.0155228	0.11064	0.999994	-0.000313948	-4.87736e-05	0.00340123	-0.0627898	-0.00975473	0.680248	0	0	0	0	0.14665	0.347298	-0.950012	34.125	3	55195	5572528
323	0.313309	0.691566	11.3246	0.663517	-0.190821	2.26474	0.00310409	0.00701397	0.113241	0.999994	-0.000340127	8.1825e-05	0.00341211	-0.0680255	0.016365	0.682424	0	0	0	0	0.154076	0.34564	-0.942507	34.125	3	55199	5572928
324	-0.798809	-0.813149	9.47811	0.124417	-2.24135	0.416225	-0.0079784	-0.00818155	0.0947776	0.999994	-3.10946e-05	-0.000250411	0.00350436	-0.00621892	-0.0500823	0.700873	0	0	0	0	0.157523	0.348927	-0.936894	34.125	3	55202	5573228
325	-1.20906	0.515872	9.31226	-0.490752	-0.345383	0.170613	-0.0121252	0.00510584	0.093121	0.999994	-0.000167885	5.84966e-06	0.00347478	-0.0335771	0.00116994	0.694957	0	0	0	0	0.159644	0.347322	-0.929869	34.125	3	55205	5573528
326	-1.35249	2.59254	8.6661	-2.2094	1.28993	-0.0800512	-0.0137375	0.0258797	0.0866413	0.999994	-0.000284605	-0.000184201	0.00348633	-0.056921	-0.0368403	0.697267	0	0	0	0	0.164916	0.34922	-0.929346	34.125	3	55208	5573828
327	-1.26872	0.213738	9.31074	-0.851392	-0.84895	-0.206043	-0.0127502	0.00203645	0.0931011	0.999994	6.2136e-05	-0.00025956	0.0035131	0.0124272	-0.0519121	0.702622	0	0	0	0	0.16705	0.34616	-0.922858	34.125	3	55212	5574228
328	-1.74671	1.77802	7.90215	-1.64203	0.0058047	-0.733824	-0.0176061	0.0176638	0.0790168	0.999994	-2.10273e-05	-0.000114385	0.00341235	-0.00420548	-0.0228771	0.682471	0	0	0	0	0.17383	0.344144	-0.922429	34.125	3	55215	5574528
329	-0.10793	1.153	10.7237	0.0701917	0.784539	2.1183	-0.00112703	0.01153	0.107236	0.999994	-3.46265e-05	0.000136973	0.00334367	-0.00692531	0.0273947	0.668735	0	0	0	0	0.183228	0.338097	-0.916041	34.125	3	55219	5574928
330	-2.03219	1.81757	8.05201	-2.89191	0.414026	-1.22434	-0.0204585	0.0180462	0.0805146	0.999995	-5.36804e-06	-0.000128758	0.00319744	-0.00107361	-0.0257517	0.63949	0	0	0	0	0.19245	0.331698	-0.917236	34.125	3	55222	5575228
331	-0.546352	2.12196	9.09291	-0.956135	1.44057	0.419513	-0.00558573	0.0212471	0.0909153	0.999995	-0.000336868	4.15353e-05	0.00305556	-0.0673737	0.00830707	0.611114	0	0	0	0	0.199333	0.328644	-0.913295	34.125	3	55225	5575528
332	-0.433522	0.411429	9.98606	0.610688	-0.32448	1.47964	-0.00437357	0.00405563	0.0998613	0.999995	0.000161343	-6.78145e-05	0.00303528	0.0322686	-0.0135629	0.607057	0	0	0	0	0.211067	0.324555	-0.90839	34.125	3	55229	5575928
333	-1.55179	1.80207	8.86071	-2.40858	0.702999	-0.411343	-0.0156595	0.0179708	0.0885924	0.999995	-0.000236635	-0.000200505	0.00294598	-0.047327	-0.0401011	0.589197	0	0	0	0	0.223206	0.321484	-0.905989	34.125	3	55232	5576228
334	-2.23033	0.255421	7.82492	-0.936195	-1.15953	-0.332976	-0.0223056	0.00245225	0.0782518	0.999996	-0.000198546	8.06113e-05	0.00298232	-0.0397092	0.0161223	0.596464	0	0	0	0	0.231647	0.318814	-0.896996	34.125	3	55235	5576528
335	-0.763456	0.277199	9.59832	-0.0857598	-0.215007	0.572863	-0.00766615	0.0027553	0.0959812	0.999996	-0.00014398	-8.11282e-05	0.0028974	-0.028796	-0.0162257	0.579481	0	0	0	0	0.244201	0.318196	-0.895552	34.125	3	55239	5576928
336	-2.03914	0.913892	9.53468	-2.23613	-0.706357	0.330241	-0.0204209	0.00911974	0.0953424	0.999995	-0.00052791	0.000126424	0.00293665	-0.105582	0.0252849	0.58733	0	0	0	0	0.253563	0.315067	-0.888594	34.125	3	55242	5577228
337	-0.255487	1.06413	10.9109	-0.0494633	0.248193	1.82019	-0.00267604	0.0107082	0.1091	0.999996	-0.000375846	-0.00027197	0.00289598	-0.0751692	-0.0543941	0.579197	0	0	0	0	0.265127	0.316886	-0.886587	34.125	3	55245	5577528
338	-0.503587	2.1057	9.696	-0.856256	1.04307	0.745805	-0.00516046	0.0210469	0.0969557	0.999996	-9.8398e-05	-1.99444e-05	0.00286726	-0.0196796	-0.00398888	0.573453	0	0	0	0	0.273572	0.311805	-0.879163	34.125	3	55249	5577928
339	-0.337533	0.0518159	10.8191	0.356023	-0.193419	2.02512	-0.0034046	0.00056123	0.10819	0.999996	-0.000289182	-0.000120917	0.00287657	-0.0578366	-0.0241835	0.575315	0	0	0	0	0.280924	0.3102	-0.874687	34.125	3	55252	5578228
340	-0.719629	0.715254	10.7407	-0.5355	0.0114219	1.79364	-0.00724092	0.00715041	0.107404	0.999995	-0.000188712	-1.09306e-05	0.0029559	-0.0377425	-0.00218612	0.591181	0	0	0	0	0.288082	0.307774	-0.878815	34.125	3	55255	5578528
341	0.201504	0.797757	12.4475	0.592594	0.775295	4.03587	0.00206734	0.00800913	0.124472	0.999995	-7.83898e-05	0.000399594	0.00295131	-0.015678	0.079919	0.590263	0	0	0	0	0.298381	0.300319	-0.875997	34.125	3	55259	5578928
342	-0.509089	0.774241	10.2334	-0.560403	0.411225	1.45721	-0.00517928	0.00774588	0.10233	0.999995	-0.000167957	-0.000204172	0.00300883	-0.0335914	-0.0408344	0.601768	0	0	0	0	0.307018	0.293517	-0.881744	34.125	3	55262	5579228
343	-0.269917	2.54382	10.2112	-1.54326	1.16425	0.802386	-0.00286807	0.0254259	0.10211	0.999995	-2.26751e-05	-6.93844e-05	0.00304198	-0.00453502	-0.0138769	0.608396	0	0	0	0	0.311971	0.284219	-0.882479	34.125	3	55265	5579528
344	0.33708	-0.0854662	11.3793	0.690569	0.218514	2.26605	0.00333306	-0.000785718	0.113794	0.999996	-0.000215956	-0.000187099	0.00295275	-0.0431913	-0.0374199	0.590551	0	0	0	0	0.327302	0.275464	-0.89133	34.125	3	55269	5579928
345	-0.971378	0.523721	9.59305	-0.265536	-1.23095	0.484975	-0.00977212	0.00514544	0.0959296	0.999995	0.000173986	-0.000141891	0.00299666	0.0347973	-0.0283783	0.599333	0	0	0	0	0.3401	0.264548	-0.887086	34.125	3	55272	5580228
346	-0.797808	1.74331	9.18604	-1.42686	-0.363297	0.177199	-0.00810874	0.017389	0.0918574	0.999996	-1.22745e-05	-0.000165115	0.002881	-0.00245491	-0.033023	0.576201	0	0	0	0	0.348622	0.258794	-0.89685	34.125	3	55275	5580528
347	-1.619	0.146459	9.61943	-0.872003	-1.30015	0.0917474	-0.0162414	0.00142851	0.0961861	0.999996	-0.000317136	-0.000222439	0.00299362	-0.0634273	-0.0444878	0.598725	0	0	0	0	0.363579	0.249484	-0.901671	34.125	3	55279	5580928
348	-0.77078	-0.424279	9.94965	0.705686	-0.563285	1.25351	-0.00769175	-0.00422734	0.0994984	0.999995	-0.000313688	-4.91492e-05	0.00304991	-0.0627377	-0.00982985	0.609983	0	0	0	0	0.372317	0.246946	-0.900253	34.125	3	55282	5581228
349	-2.42705	-0.0356542	9.08139	-0.335152	-2.12043	0.293768	-0.0242451	-0.000467059	0.0908202	0.999996	-0.000181997	0.000126087	0.00295932	-0.0363994	0.0252174	0.591865	0	0	0	0	0.382443	0.241063	-0.903461	34.125	3	55285	5581528
350	-0.768213	2.84852	9.90023	-2.14301	0.542039	0.735756	-0.00787431	0.0284871	0.0989867	0.999995	-0.000258019	-6.06178e-05	0.00316256	-0.0516039	-0.0121236	0.632514	0	0	0	0	0.389744	0.235159	-0.904131	34.125	3	55288	5581828
351	-0.894252	-0.347418	10.1543	0.596367	-1.57463	1.0417	-0.00893813	-0.00349101	0.101542	0.999995	-0.000187203	-8.35749e-05	0.00306746	-0.0374406	-0.016715	0.613494	0	0	0	0	0.401167	0.233707	-0.910276	34.125	3	55292	5582228
352	-0.824986	0.885888	9.93261	-0.905218	0.171337	1.0542	-0.00833849	0.00885805	0.0993188	0.999995	-0.000254926	-0.000169441	0.00310282	-0.0509853	-0.0338883	0.620566	0	0	0	0	0.404673	0.226833	-0.909435	34.125	3	55295	5582528
353	-1.69587	1.73441	9.19284	-2.1	-0.106006	0.647526	-0.017049	0.0172825	0.0919233	0.999995	-0.000263495	0.000118603	0.00323642	-0.052699	0.0237207	0.647286	0	0	0	0	0.412797	0.223431	-0.914094	34.125	3	55298	5582828
354	-1.68018	1.37804	8.28017	-1.61654	-1.3934	-1.18432	-0.0168849	0.0136672	0.0828037	0.999994	1.44446e-05	4.41794e-05	0.00329139	0.00288893	0.0088359	0.65828	0	0	0	0	0.41726	0.213179	-0.915858	34.125	3	55302	5583228
355	-0.703248	0.0807943	9.91064	0.105545	-0.278852	1.10615	-0.00704068	0.000792495	0.0991059	0.999994	-0.000160043	-1.43033e-05	0.00335174	-0.0320086	-0.00286066	0.67035	0	0	0	0	0.420506	0.205048	-0.92666	34.125	3	55305	5583528
356	-0.256061	0.895985	10.3684	-0.34627	-0.169902	1.25686	-0.00261278	0.00897777	0.103682	0.999994	-0.000168702	3.37036e-05	0.00329754	-0.0337406	0.00674073	0.659509	0	0	0	0	0.427323	0.190477	-0.933581	34.125	3	55309	5583928
357	-0.880414	0.399521	9.80317	-0.0553624	-0.943399	1.00093	-0.00882674	0.00393566	0.0980321	0.999994	3.19783e-06	1.99238e-05	0.00334175	0.000639568	0.00398476	0.668352	0	0	0	0	0.429286	0.180795	-0.938856	34.125	3	55312	5584228
358	-2.02893	2.20565	9.89196	-1.55215	-0.493863	1.62519	-0.0203704	0.0219401	0.0989289	0.999995	-8.2352e-05	0.000316017	0.00326546	-0.0164704	0.0632035	0.653094	0	0	0	0	0.435549	0.170617	-0.945677	34.125	3	55315	5584528
359	0.400192	-0.0708785	10.9984	0.788601	0.283564	2.09703	0.00403046	-0.000668613	0.109983	0.999995	-6.46435e-05	0.00010952	0.00323089	-0.0129287	0.021904	0.646179	0	0	0	0	0.437467	0.162896	-0.951413	34.125	3	55318	5584828
360	-1.05559	1.72951	10.0857	-1.51865	-0.266828	1.40297	-0.0106707	0.0172687	0.10085	0.999995	-0.00020352	-2.41311e-05	0.00318186	-0.0407041	-0.00482623	0.636373	0	0	0	0	0.444695	0.147408	-0.961892	34.125	3	55322	5585228
361	0.975921	1.31444	11.9446	-0.131601	1.6811	3.27559	0.00966848	0.0132068	0.119446	0.999995	1.93307e-06	-2.2845e-05	0.0032361	0.000386614	-0.00456901	0.647221	0	0	0	0	0.445815	0.138611	-0.961587	34.125	3	55325	5585528
362	-1.84103	0.539008	8.63389	-0.39773	-1.83191	-0.383543	-0.0184366	0.0053266	0.0863372	0.999995	-0.000317867	4.68486e-05	0.0032122	-0.0635735	0.00936974	0.642442	0	0	0	0	0.455325	0.134276	-0.969303	34.125	3	55328	5585828
363	-1.59958	0.878192	8.57363	-1.30638	-1.06844	-0.159458	-0.0160552	0.00873611	0.0857299	0.999995	-0.000322117	-2.41164e-05	0.00315258	-0.0644235	-0.00482328	0.630516	0	0	0	0	0.457395	0.124035	-0.970551	34.125	3	55332	5586228
364	-2.35867	0.533433	8.02667	-1.17348	-2.12465	-1.03184	-0.0236279	0.00526267	0.0802593	0.999995	-0.000496127	-4.53397e-05	0.00320472	-0.0992255	-0.00906796	0.640945	0	0	0	0	0.458755	0.121675	-0.97566	34.125	3	55335	5586528
365	-0.229981	0.870569	10.1427	-0.443911	0.152259	1.42647	-0.00233693	0.00871165	0.101426	0.999995	-0.000102904	9.33343e-05	0.00321822	-0.0205809	0.0186669	0.643644	0	0	0	0	0.460365	0.115276	-0.973284	34.125	3	55338	5586828
366	-0.921361	2.0932	10.3081	-2.20325	-0.0471329	1.83578	-0.00933596	0.0209534	0.103065	0.999995	-0.000395255	6.4336e-05	0.00323744	-0.0790512	0.0128672	0.647489	0	0	0	0	0.463385	0.109372	-0.971914	34.125	3	55342	5587228
367	-0.640772	0.369388	9.4695	0.50298	0.15255	0.950705	-0.00643287	0.00368842	0.0946936	0.999995	-0.000186156	-9.17457e-06	0.00317149	-0.0372312	-0.00183492	0.634298	0	0	0	0	0.463807	0.104111	-0.978094	34.125	3	55345	5587528
368	-1.17878	1.52597	10.0327	-0.77436	0.0527196	1.96557	-0.0118446	0.0152103	0.100328	0.999995	-0.00013106	0.000203448	0.00320421	-0.026212	0.0406897	0.640844	0	0	0	0	0.460668	0.0977078	-0.973171	34.125	3	55349	5587928
369	-0.808939	0.588792	9.41096	-0.295126	-0.456879	1.00564	-0.00811656	0.00593036	0.0941046	0.999995	-0.000499259	5.53355e-05	0.00318013	-0.099852	0.0110671	0.636026	0	0	0	0	0.464042	0.0914109	-0.977367	34.125	3	55352	5588228
370	-2.04284	1.24441	8.53179	-2.03021	-1.08229	-0.0794373	-0.0204953	0.0123847	0.0853106	0.999994	-0.000436847	8.44121e-05	0.00327327	-0.0873696	0.0168825	0.654655	0	0	0	0	0.457012	0.084588	-0.974456	34.125	3	55355	5588528
371	-0.319361	2.02612	10.9734	-1.90117	-0.222666	1.81928	-0.00335974	0.0203562	0.109712	0.999995	-0.000525835	-0.000182937	0.00310175	-0.105167	-0.0365874	0.62035	0	0	0	0	0.456058	0.0715795	-0.983327	34.125	3	55359	5588928
372	-0.0746758	0.55967	10.3257	0.31386	-0.206218	1.54572	-0.000806778	0.00562514	0.103255	0.999995	-0.000161811	-0.000116549	0.00320363	-0.0323622	-0.0233098	0.640727	0	0	0	0	0.455287	0.0637381	-0.980972	34.125	3	55362	5589228
373	0.715308	0.457701	11.4491	0.033896	0.950735	2.58289	0.00710806	0.00462951	0.114491	0.999995	-3.18918e-05	-6.92256e-05	0.00316905	-0.00637837	-0.0138451	0.633811	0	0	0	0	0.451028	0.0550483	-0.984176	34.125	3	55365	5589528
374	-1.2918	1.11109	9.36941	-0.444355	-1.30004	0.285011	-0.0130135	0.011053	0.0936877	0.999995	-0.000117493	-0.000144921	0.00308258	-0.0234987	-0.0289842	0.616517	0	0	0	0	0.454489	0.0390502	-0.991619	34.125	3	55369	5589928
375	-1.71823	0.306483	8.45517	0.0421563	-1.72187	-0.484566	-0.0172131	0.00300833	0.0845475	0.999995	-0.00031003	-6.85435e-05	0.00316714	-0.0620062	-0.0137087	0.63343	0	0	0	0	0.449934	0.0287839	-0.98829	34.125	3	55372	5590228
376	-1.18108	1.11518	8.6414	-0.962145	-0.900396	-0.223681	-0.0119034	0.0111221	0.0864051	0.999995	-0.000259999	-0.00012941	0.00315021	-0.0519998	-0.0258821	0.630043	0	0	0	0	0.452411	0.0200381	-0.991526	34.125	3	55375	5590528
377	-2.22274	1.77217	8.9783	-1.71232	-2.13415	0.271799	-0.0223455	0.0176142	0.0897748	0.999995	-0.000194455	-2.89434e-05	0.00319547	-0.0388911	-0.0057887	0.639096	0	0	0	0	0.449278	0.00881136	-0.989741	34.125	3	55379	5590928
378	-0.170858	0.331534	9.35151	0.203458	-0.190188	0.685545	-0.00175636	0.0033378	0.0935135	0.999995	-0.000179673	-0.000141072	0.00321571	-0.0359347	-0.0282145	0.643144	0	0	0	0	0.450348	-0.00139472	-0.992498	34.125	3	55382	5591228
379	-2.85507	-0.412877	7.57279	0.770559	-2.40158	-1.06673	-0.0285275	-0.00425852	0.0757295	0.999995	-0.000331002	-2.12416e-05	0.00315148	-0.0662005	-0.00424834	0.630297	0	0	0	0	0.449153	-0.00831067	-0.987091	34.125	3	55385	5591528
380	-1.24177	0.298154	9.07996	0.301405	-0.877749	0.327959	-0.0124429	0.00293115	0.0907978	0.999995	-0.000156402	-3.55101e-05	0.0031694	-0.0312804	-0.00710203	0.633881	0	0	0	0	0.446404	-0.0151335	-0.98622	34.125	3	55389	5591928
381	-0.393496	1.7987	10.3286	-1.53151	0.0845331	2.10453	-0.00404155	0.0180214	0.103276	0.999995	-0.000290866	4.57165e-05	0.0032224	-0.0581732	0.00914332	0.644482	0	0	0	0	0.446179	-0.0239905	-0.98187	34.125	3	55392	5592228
382	-0.67719	1.1634	10.1244	-0.63873	-0.0737887	2.08428	-0.00681261	0.0116091	0.101244	0.999995	-8.87595e-05	0.000161918	0.0031617	-0.0177519	0.0323838	0.632341	0	0	0	0	0.4399	-0.0253657	-0.983892	34.125	3	55395	5592528
383	-1.19344	-0.16372	8.7861	1.26606	-1.12402	-0.213241	-0.0119822	-0.00171414	0.087853	0.999995	3.62798e-06	-0.00033317	0.00319065	0.000725597	-0.0666341	0.63813	0	0	0	0	0.438639	-0.0327153	-0.981524	34.125	3	55399	5592928
384	-0.178841	0.624708	10.0493	-0.233216	-0.294136	1.00732	-0.00185232	0.00628923	0.100489	0.999995	-0.000267811	-0.000117946	0.00320698	-0.0535622	-0.0235893	0.641397	0	0	0	0	0.430717	-0.0400631	-0.976095	34.125	3	55402	5593228
385	-0.787575	0.967219	10.4786	-0.894467	-0.774848	1.52345	-0.00794081	0.00967865	0.104781	0.999995	-0.000272656	-1.45771e-05	0.00320428	-0.0545313	-0.00291543	0.640857	0	0	0	0	0.430378	-0.0464271	-0.97472	34.125	3	55405	5593528
386	-0.243837	1.08933	10.405	-0.137875	-0.128037	1.90745	-0.00251451	0.0108841	0.104049	0.999995	-3.17334e-05	-3.24605e-05	0.00318577	-0.00634669	-0.00649211	0.637156	0	0	0	0	0.425309	-0.0561836	-0.972388	34.125	3	55408	5593828
387	1.45228	0.810994	12.0109	-1.34499	1.23724	2.91036	0.014424	0.00825571	0.120111	0.999995	-0.000215477	-0.000190374	0.00324782	-0.0430955	-0.0380748	0.649566	0	0	0	0	0.419618	-0.0663156	-0.976122	34.125	3	55412	5594228
388	-0.206225	0.0118294	10.6302	0.332601	0.210538	1.77727	-0.00205589	0.000143481	0.106303	0.999995	-0.000180813	3.39059e-05	0.00321851	-0.0361627	0.0067812	0.643704	0	0	0	0	0.414643	-0.0780683	-0.97131	34.125	3	55415	5594528
389	-0.172599	-0.276687	10.2889	0.572456	0.39085	1.59327	-0.00172366	-0.00276825	0.102889	0.999995	-4.71584e-05	-7.5068e-05	0.00321182	-0.00943169	-0.0150136	0.642365	0	0	0	0	0.412789	-0.0882233	-0.975568	34.125	3	55418	5594828
390	-1.48614	-0.0217646	9.2854	0.747702	-0.815711	0.783019	-0.0148475	-0.000319597	0.0928559	0.999995	4.69339e-05	6.5759e-05	0.00313826	0.00938679	0.0131518	0.627653	0	0	0	0	0.410708	-0.103378	-0.972865	34.125	3	55422	5595228
391	-0.46942	-0.261846	10.0591	0.474691	-0.375635	1.29034	-0.00466294	-0.00259073	0.100593	0.999995	-0.00028723	7.21986e-05	0.00321172	-0.0574462	0.0144397	0.642345	0	0	0	0	0.40797	-0.113101	-0.973573	34.125	3	55425	5595528
392	-0.230638	-0.415125	9.9608	0.883139	0.47741	1.24796	-0.00229225	-0.00413046	0.0996092	0.999995	-0.000177231	-6.02971e-05	0.0031572	-0.0354463	-0.0120594	0.631441	0	0	0	0	0.403879	-0.126731	-0.973352	34.125	3	55429	5595928
393	1.41692	1.74095	11.4192	-2.43799	0.960634	2.79522	0.0140703	0.0175318	0.114186	0.999995	-0.000130955	6.74009e-05	0.00327196	-0.0261909	0.0134802	0.654394	0	0	0	0	0.398871	-0.136533	-0.968496	34.125	3	55432	5596228
394	-1.57351	2.13325	8.26035	-1.41838	-2.03734	-0.0579526	-0.0158516	0.0212946	0.0825911	0.999995	-0.000382382	0.000120335	0.00319939	-0.0764766	0.0240671	0.639878	0	0	0	0	0.399991	-0.146775	-0.969234	34.125	3	55435	5596528
395	-1.25669	-0.103723	9.18776	0.641622	-0.535075	0.763517	-0.0125525	-0.00107097	0.0918792	0.999995	-0.000262144	4.11809e-05	0.00326094	-0.052429	0.00823618	0.65219	0	0	0	0	0.395848	-0.152176	-0.965295	34.125	3	55438	5596828
396	-0.754988	0.422438	8.84001	0.146658	-0.421053	0.223723	-0.00756932	0.00422353	0.0883985	0.999995	-0.000270739	4.40256e-05	0.0032225	-0.0541479	0.00880513	0.6445	0	0	0	0	0.394135	-0.159061	-0.961399	34.125	3	55442	5597228
397	0.272077	1.772	10.6602	-2.2894	0.158749	2.38889	0.00263984	0.0178113	0.106589	0.999994	-0.000345065	0.000173292	0.00331746	-0.0690132	0.0346585	0.663493	0	0	0	0	0.385753	-0.165457	-0.954432	34.125	3	55445	5597528
398	-0.180686	1.14621	10.0752	-1.16686	-0.162214	1.11244	-0.00191759	0.0115137	0.100744	0.999994	-0.000318364	-0.00016528	0.00336995	-0.0636729	-0.0330561	0.67399	0	0	0	0	0.383037	-0.169895	-0.950477	34.125	3	55449	5597928
399	-1.38321	0.751953	7.78757	0.0243443	-1.21802	-0.990949	-0.0138852	0.00745711	0.0778723	0.999994	-0.000198864	-1.68005e-05	0.0033692	-0.0397729	-0.00336012	0.673842	0	0	0	0	0.376469	-0.174779	-0.94702	34.125	3	55452	5598228
400	-1.45477	1.48565	8.04523	-0.539796	-1.74152	-0.700844	-0.0146247	0.0148062	0.0804476	0.999994	-0.000306742	0.000151539	0.00341784	-0.0613485	0.030308	0.68357	0	0	0	0	0.370817	-0.179157	-0.945071	34.125	3	55455	5598528
401	-1.02496	0.838455	9.20387	-0.703641	-0.865018	0.436252	-0.0102722	0.00837312	0.0920372	0.999994	-0.000321561	0.000190581	0.00344156	-0.0643124	0.0381162	0.688314	0	0	0	0	0.361846	-0.189325	-0.945256	34.125	3	55459	5598928
402	-1.4272	0.203869	7.39479	0.940359	-1.6196	-1.79895	-0.0143131	0.00197042	0.0739419	0.999994	-0.000203546	-0.000184424	0.00344151	-0.0407094	-0.0368849	0.688304	0	0	0	0	0.352802	-0.193657	-0.9443	34.125	3	55462	5599228
403	-2.34739	0.334897	7.77223	0.922579	-2.04071	-1.13131	-0.0234828	0.00324135	0.0777242	0.999994	-0.000339093	8.70474e-05	0.0034146	-0.0678187	0.0174095	0.682921	0	0	0	0	0.350459	-0.201875	-0.947502	34.125	3	55465	5599528
404	-0.0926191	1.72727	9.89943	-1.31973	-0.856294	0.675018	-0.00105832	0.0173039	0.0989876	0.999994	-0.00019298	-5.45937e-05	0.00350863	-0.0385961	-0.0109188	0.701728	0	0	0	0	0.33865	-0.212054	-0.945654	34.125	3	55469	5599928
405	-3.04428	1.90123	8.26875	-0.193303	-3.41604	-0.59358	-0.0305714	0.0188655	0.0826737	0.999994	-0.000364324	-5.04421e-07	0.00339268	-0.072865	-0.000100884	0.678537	0	0	0	0	0.336687	-0.217792	-0.951328	34.125	3	55472	5600228
406	-1.20748	0.746412	8.49095	0.221159	-0.629372	-0.192144	-0.0121529	0.00744101	0.0849004	0.999994	-0.000364748	-0.000151733	0.00351036	-0.0729497	-0.0303466	0.702073	0	0	0	0	0.327288	-0.226067	-0.947933	34.125	3	55475	5600528
407	0.398251	0.256151	10.7258	-1.05818	0.752085	2.33614	0.00396051	0.00262539	0.107257	0.999994	-0.000169351	-1.86754e-05	0.00346828	-0.0338703	-0.0037351	0.693658	0	0	0	0	0.324008	-0.234295	-0.950121	34.125	3	55479	5600928
408	-1.56286	2.48374	9.34617	-0.632035	-2.64162	0.818973	-0.0157928	0.0247995	0.0934442	0.999994	-0.000387403	5.41893e-05	0.0035117	-0.0774808	0.0108379	0.702342	0	0	0	0	0.321802	-0.239722	-0.945686	34.125	3	55482	5601228
409	0.705108	1.77809	10.5222	-1.93926	-0.713313	1.56999	0.00690976	0.0178557	0.105218	0.999993	-0.000112309	-5.07431e-05	0.00366588	-0.0224618	-0.0101486	0.733179	0	0	0	0	0.31509	-0.242574	-0.946729	34.125	3	55485	5601528
410	-0.182607	0.284535	10.4667	-0.555304	-0.224728	1.78433	-0.00183148	0.00293753	0.104664	0.999993	-0.000504132	7.50351e-05	0.00365157	-0.100827	0.015007	0.730315	0	0	0	0	0.310417	-0.247936	-0.944806	34.125	3	55489	5601928
411	-0.468067	1.27136	9.41206	-0.815088	-0.634814	0.473166	-0.0047908	0.0126852	0.0941189	0.999993	-4.15258e-05	-6.94607e-05	0.00382087	-0.00830517	-0.0138922	0.764176	0	0	0	0	0.303883	-0.250436	-0.938266	34.125	3	55492	5602228
412	-2.69013	2.40253	7.27868	0.654474	-3.15857	-2.00617	-0.0270809	0.0238484	0.0727784	0.999993	-0.000158684	-1.50447e-05	0.00370481	-0.0317368	-0.00300896	0.740964	0	0	0	0	0.298651	-0.251882	-0.936758	34.125	3	55495	5602528
413	-0.384304	0.987161	9.55036	-0.520846	-0.746094	1.02938	-0.00393711	0.00985309	0.0955017	0.999993	-5.45338e-05	-0.000108433	0.00371918	-0.0109068	-0.0216866	0.743837	0	0	0	0	0.286894	-0.256316	-0.928722	34.125	3	55499	5602928
414	0.701492	0.444355	10.3262	-1.24379	0.181232	1.84766	0.00701426	0.00459014	0.103255	0.999993	-0.000451497	0.000163171	0.00380293	-0.0902996	0.0326343	0.760589	0	0	0	0	0.278364	-0.259713	-0.925728	34.125	3	55502	5603228
415	-3.1734	1.34177	8.12961	1.07808	-3.02045	-0.818677	-0.0318253	0.0132417	0.0812893	0.999993	-0.000371442	4.83864e-05	0.0037206	-0.0742886	0.0096773	0.744122	0	0	0	0	0.267462	-0.260705	-0.919639	34.125	3	55505	5603528
416	-0.493146	1.70365	8.9987	-1.11159	-1.41758	-0.091388	-0.00511237	0.0170367	0.0899769	0.999993	-0.000216138	-0.000276866	0.00384697	-0.0432277	-0.0553734	0.769395	0	0	0	0	0.259286	-0.264494	-0.92221	34.125	3	55508	5603828
417	-1.94557	0.309493	8.09657	1.17762	-0.681546	-0.288829	-0.0194514	0.00299211	0.0809705	0.999993	-0.000270858	0.000167955	0.00377017	-0.0541717	0.033591	0.754036	0	0	0	0	0.246955	-0.273675	-0.921347	34.125	3	55512	5604228
418	-0.755516	1.80838	8.81399	-0.923428	-1.42731	0.414459	-0.00770035	0.0180723	0.0881297	0.999993	-0.000264406	-4.19466e-05	0.00381109	-0.0528814	-0.00838934	0.762221	0	0	0	0	0.238339	-0.277009	-0.921887	34.125	3	55515	5604528
419	-1.47559	0.690238	9.10202	1.09558	-1.30098	-0.0770826	-0.0148148	0.00681369	0.0910173	0.999993	-0.00012484	-3.98899e-05	0.00376769	-0.024968	-0.007978	0.75354	0	0	0	0	0.23093	-0.289202	-0.918588	34.125	3	55519	5604928
420	-1.27798	1.77825	8.99523	-0.326374	-2.27822	0.23254	-0.0128917	0.0177421	0.0899443	0.999993	-0.000319375	0.000130856	0.00381047	-0.0638752	0.0261714	0.762095	0	0	0	0	0.221833	-0.289641	-0.917041	34.125	3	55522	5605228
421	-0.157542	0.894018	9.18198	-1.06982	-0.506645	0.608108	-0.00164475	0.00893678	0.091819	0.999993	-4.76312e-05	-1.03159e-05	0.00377227	-0.00952626	-0.00206318	0.754456	0	0	0	0	0.218057	-0.295444	-0.918162	34.125	3	55525	5605528
422	-2.05257	0.382427	8.92972	1.62534	-0.731987	-0.0274775	-0.020533	0.00365599	0.0893026	0.999993	6.21869e-05	0.000119242	0.00382799	0.0124374	0.0238485	0.7656	0	0	0	0	0.211558	-0.299416	-0.91115	34.125	3	55529	5605928
423	-0.00417405	1.32311	9.49894	-1.2579	-0.544019	1.42831	-0.000120458	0.0132958	0.0949803	0.999993	-0.00034362	0.000111025	0.00376253	-0.0687241	0.022205	0.752508	0	0	0	0	0.206351	-0.302326	-0.909675	34.125	3	55532	5606228
424	-0.784267	1.04245	9.5251	-0.875974	-1.23326	0.795174	-0.0078984	0.0104278	0.095246	0.999993	-0.000328935	0.000120472	0.0037731	-0.0657872	0.0240944	0.754621	0	0	0	0	0.19893	-0.300536	-0.896975	34.125	3	55535	5606528
425	-0.0630233	2.44912	10.842	-1.12166	-2.82031	1.22714	-0.000833178	0.0245829	0.108398	0.999992	-0.000448926	-7.28089e-05	0.00381377	-0.0897855	-0.0145618	0.762756	0	0	0	0	0.193189	-0.30244	-0.896991	34.125	3	55538	5606828
426	-0.175747	0.612541	10.029	-1.1952	-0.654328	1.42418	-0.00181995	0.00615997	0.100287	0.999993	-0.000240636	-7.68472e-05	0.0038312	-0.0481274	-0.0153695	0.766242	0	0	0	0	0.182839	-0.301078	-0.886306	34.125	3	55542	5607228
427	0.0499335	2.98239	9.09695	-1.22454	-2.47475	0.120394	0.000268247	0.0298371	0.0909662	0.999993	-5.67278e-05	-1.23348e-05	0.00383571	-0.0113456	-0.00246697	0.767144	0	0	0	0	0.171408	-0.299139	-0.88015	34.125	3	55545	5607528
428	-0.286792	1.74751	9.51545	-0.825664	-1.87468	0.572731	-0.00302282	0.0175081	0.0951436	0.999992	-0.000293549	-0.000102056	0.00387291	-0.05871	-0.0204112	0.774583	0	0	0	0	0.163882	-0.300646	-0.874088	34.125	3	55549	5607928
429	-2.52376	2.42433	7.49028	1.15844	-2.65473	-1.15833	-0.0254085	0.0241004	0.0748912	0.999993	-0.000324368	8.00465e-05	0.00378141	-0.0648738	0.0160093	0.756285	0	0	0	0	0.153393	-0.298218	-0.86843	34.125	3	55552	5608228
430	1.79933	0.629557	13.3082	-2.92416	-0.406686	4.32479	0.0179714	0.00653248	0.133073	0.999992	-0.000373092	0.000102068	0.00382586	-0.0746185	0.0204136	0.765174	0	0	0	0	0.143382	-0.303021	-0.867985	34.125	3	55555	5608528
431	-0.0328361	0.587984	10.4702	-1.06071	-0.741188	1.48491	-0.000402327	0.00594295	0.104698	0.999993	-0.000314266	-0.000144606	0.00369496	-0.0628533	-0.0289213	0.738995	0	0	0	0	0.134903	-0.305008	-0.861929	34.125	3	55558	5608828
432	-2.48958	1.52696	8.04712	2.10889	-2.21083	-1.24729	-0.0250022	0.0151504	0.0804607	0.999993	-0.000371624	1.63601e-05	0.00358616	-0.0743249	0.00327202	0.717233	0	0	0	0	0.131554	-0.308368	-0.863504	34.125	3	55562	5609228
433	-0.588293	0.357234	8.80852	0.20844	-0.323525	0.0874488	-0.00593524	0.00357591	0.0880816	0.999994	-0.000260609	-0.000151528	0.00358252	-0.052122	-0.0303057	0.716505	0	0	0	0	0.123046	-0.310816	-0.858973	34.125	3	55565	5609528
434	-1.12526	1.33667	8.9663	0.610985	-1.79216	-0.758102	-0.0113702	0.0133299	0.0896537	0.999994	-0.000227603	-0.000144902	0.00343028	-0.0455207	-0.0289805	0.686056	0	0	0	0	0.120114	-0.310277	-0.860463	34.125	3	55568	5609828
435	0.406474	0.673911	11.3289	-1.79681	-0.938088	2.81858	0.00400907	0.00689153	0.113282	0.999994	-0.000546136	-3.19431e-05	0.00355301	-0.109227	-0.00638863	0.710604	0	0	0	0	0.114542	-0.309894	-0.851843	34.125	3	55572	5610228
436	-0.143214	1.46588	10.2446	-1.19028	-1.09107	1.63952	-0.00149973	0.0146733	0.102443	0.999994	-0.000119202	0.000155238	0.00338874	-0.0238404	0.0310476	0.677749	0	0	0	0	0.114062	-0.307	-0.849756	34.125	3	55575	5610528
437	-0.319092	1.98397	9.85402	-0.424515	-2.47729	0.0618361	-0.00334242	0.0199023	0.0985225	0.999994	-0.000426415	-0.000108582	0.00327377	-0.0852832	-0.0217165	0.654755	0	0	0	0	0.110768	-0.305581	-0.845669	34.125	3	55578	5610828
438	0.030102	1.56712	11.6911	-1.69058	-1.88432	3.03876	0.000225146	0.0157362	0.116903	0.999995	-0.00027068	0.00011642	0.00328249	-0.0541362	0.0232841	0.6565	0	0	0	0	0.10696	-0.295459	-0.83684	34.125	3	55582	5611228
439	-0.212144	1.68873	10.3864	-0.842961	-1.77337	1.24097	-0.00224444	0.0169297	0.103855	0.999995	-0.000269155	-9.13461e-05	0.00307616	-0.053831	-0.0182692	0.615233	0	0	0	0	0.106044	-0.293075	-0.833247	34.125	3	55585	5611528
440	-1.56333	-1.64137	7.81673	0.571617	1.76785	-0.508644	-0.015545	-0.0165102	0.0781646	0.999996	2.70983e-05	-5.82032e-05	0.00295904	0.00541967	-0.0116407	0.591809	0	0	0	0	0.101349	-0.286856	-0.823997	34.125	3	55588	5611828
441	-1.45302	1.9013	9.49819	1.21942	-1.85984	0.164934	-0.0146334	0.0189641	0.0949758	0.999996	-0.000172566	1.68003e-05	0.00280179	-0.0345132	0.00336006	0.560359	0	0	0	0	0.0969506	-0.283397	-0.824404	34.125	3	55592	5612228
442	-0.10232	0.136427	10.4577	-0.893796	0.0552563	2.12494	-0.000991366	0.00141788	0.104577	0.999996	-0.000281963	0.000187599	0.00266085	-0.0563926	0.0375198	0.532171	0	0	0	0	0.0941559	-0.278621	-0.817214	34.125	3	55595	5612528
443	0.778017	2.4725	11.1521	-1.54191	-2.73254	2.09387	0.00768979	0.0248139	0.111507	0.999996	-0.000211505	0.000193566	0.00269588	-0.042301	0.0387132	0.539176	0	0	0	0	0.0911786	-0.279013	-0.82125	34.125	3	55598	5612828
444	-0.934258	-0.702847	9.56118	0.861028	0.76235	0.106143	-0.00936814	-0.00702031	0.0956099	0.999997	-0.000277665	-0.000310109	0.0024019	-0.0555331	-0.0620218	0.480381	0	0	0	0	0.0926912	-0.281003	-0.819786	34.125	3	55602	5613228
445	-2.14405	2.14887	8.80256	1.33292	-2.90108	-0.175796	-0.0215381	0.0214534	0.0880104	0.999997	-0.000401846	4.70439e-05	0.00246626	-0.0803693	0.00940879	0.493253	0	0	0	0	0.0916559	-0.278051	-0.820726	34.125	3	55605	5613528
446	-1.0972	2.16999	8.32187	0.911964	-2.34216	-0.651783	-0.0110707	0.021647	0.0832194	0.999997	6.73429e-06	1.88152e-05	0.0023477	0.00134686	0.00376304	0.469539	0	0	0	0	0.0922424	-0.28295	-0.819827	34.125	3	55608	5613828
447	-2.38664	-0.00480288	8.32016	1.46468	-0.198381	-0.494844	-0.0238609	-0.000128887	0.0832031	0.999997	-0.000198442	3.02247e-05	0.00238606	-0.0396885	0.00604495	0.477212	0	0	0	0	0.0955537	-0.279564	-0.819767	34.125	3	55612	5614228
448	-1.24214	2.57807	9.39493	0.871226	-2.90139	0.0536369	-0.0125255	0.0257283	0.0939499	0.999997	-4.21818e-05	0.000109485	0.00242169	-0.00843637	0.0218971	0.484339	0	0	0	0	0.0994302	-0.283471	-0.821387	34.125	3	55615	5614528
449	0.246715	1.57667	11.1285	-1.45058	-1.77581	2.50973	0.00244531	0.0157958	0.111281	0.999997	-7.84393e-05	0.000238925	0.00237654	-0.0156879	0.0477851	0.475309	0	0	0	0	0.101373	-0.278681	-0.817249	34.125	3	55618	5614828
450	-1.85577	0.922231	8.49839	1.57769	-1.07936	-0.7613	-0.018604	0.00913978	0.0849827	0.999997	-3.77105e-05	-1.36672e-05	0.00239353	-0.0075421	-0.00273345	0.478707	0	0	0	0	0.107917	-0.273779	-0.821716	34.125	3	55622	5615228
451	0.530737	1.29002	11.5839	-1.06645	-1.70192	2.13897	0.00524114	0.0129383	0.115837	0.999997	-5.91664e-05	-2.79028e-05	0.0023131	-0.0118333	-0.00558056	0.46262	0	0	0	0	0.108469	-0.268534	-0.815036	34.125	3	55625	5615528
452	-0.979914	0.565343	9.77052	-0.149047	-0.686559	0.853114	-0.00981469	0.00565261	0.0977037	0.999997	-0.000226693	5.35445e-05	0.00230036	-0.0453386	0.0107089	0.460073	0	0	0	0	0.11266	-0.266059	-0.819041	34.125	3	55628	5615828
453	-0.916518	1.31805	9.50479	0.435261	-1.19897	-0.0506706	-0.00923566	0.0131059	0.0950514	0.999997	0.000166706	-4.82411e-05	0.00233209	0.0333413	-0.00964823	0.466418	0	0	0	0	0.113554	-0.262644	-0.819474	34.125	3	55632	5616228
454	-1.76626	0.94508	8.09893	1.60494	-1.07546	-1.38095	-0.0177263	0.00944367	0.0809762	0.999998	-0.000435055	-0.000137243	0.00219263	-0.0870111	-0.0274486	0.438527	0	0	0	0	0.11384	-0.253832	-0.8213	34.125	3	55635	5616528
455	0.344993	0.00967352	10.7103	-0.911396	-0.234126	1.34148	0.00344146	0.000175113	0.107103	0.999997	-0.000293931	-3.66776e-05	0.00223697	-0.0587863	-0.00733554	0.447394	0	0	0	0	0.114206	-0.254234	-0.826361	34.125	3	55638	5616828
456	0.522075	0.373538	12.4873	-1.94971	-0.934999	3.64878	0.00524398	0.00376591	0.124871	0.999997	-3.17166e-05	0.000157909	0.00216044	-0.00634332	0.0315818	0.432089	0	0	0	0	0.114964	-0.249274	-0.831305	34.125	3	55642	5617228
457	-0.388381	-0.517211	10.1982	-0.732359	-0.172843	1.50168	-0.00388755	-0.00515279	0.101983	0.999998	-0.000172813	-0.000122073	0.00204932	-0.0345627	-0.0244147	0.409865	0	0	0	0	0.115225	-0.255863	-0.845089	34.125	3	55645	5617528
458	0.142521	2.80562	11.3612	-0.20667	-3.43077	1.99038	0.00128859	0.0280702	0.113611	0.999998	-3.60806e-05	-7.8151e-05	0.00211779	-0.00721612	-0.0156302	0.423559	0	0	0	0	0.116546	-0.25434	-0.849102	34.125	3	55648	5617828
459	-1.17648	1.65041	8.72329	1.43757	-1.99507	-0.572022	-0.0118475	0.0165019	0.0872221	0.999998	-0.000270523	-7.85847e-05	0.00209123	-0.0541047	-0.0157169	0.418247	0	0	0	0	0.118246	-0.259975	-0.862367	34.125	3	55652	5618228
460	-1.6368	1.58749	8.16198	0.875528	-0.890337	-0.679051	-0.0164272	0.0157926	0.0816239	0.999998	8.34847e-05	4.32822e-05	0.00209197	0.016697	0.00865645	0.418395	0	0	0	0	0.12205	-0.260937	-0.864931	34.125	3	55655	5618528
461	-0.345694	1.95283	10.6787	0.176533	-2.96802	1.25522	-0.00350674	0.0195835	0.106775	0.999998	-0.000324954	0.000139686	0.00203608	-0.0649909	0.0279372	0.407216	0	0	0	0	0.125108	-0.26363	-0.879652	34.125	3	55658	5618828
462	-0.344445	1.37928	10.9881	-0.117668	-1.84939	2.06896	-0.00351965	0.0137941	0.109878	0.999998	-7.0453e-05	-8.72499e-05	0.00203103	-0.0140906	-0.01745	0.406206	0	0	0	0	0.121715	-0.265029	-0.881687	34.125	3	55662	5619228
463	-0.193603	2.23927	10.7302	0.236081	-2.8301	1.29854	-0.00204762	0.0224319	0.107292	0.999998	-0.000220574	-9.65152e-05	0.00202738	-0.0441148	-0.0193031	0.405476	0	0	0	0	0.122889	-0.257617	-0.887589	34.125	3	55665	5619528
464	0.143968	1.40825	10.6027	-0.906238	-2.01687	1.6537	0.00137994	0.0140908	0.106027	0.999998	-1.30389e-05	-2.44085e-05	0.00193692	-0.00260779	-0.00488171	0.387384	0	0	0	0	0.12182	-0.259939	-0.893696	34.125	3	55668	5619828
465	-0.605922	0.822013	11.3096	0.177494	-1.28988	2.14019	-0.0061234	0.00825743	0.11309	0.999998	-0.000274382	-0.000135643	0.00203271	-0.0548764	-0.0271286	0.406542	0	0	0	0	0.119647	-0.25155	-0.898045	34.125	3	55672	5620228
466	-1.17108	1.03188	8.22744	0.512975	-0.676018	-0.65712	-0.0117776	0.0102631	0.0822719	0.999998	5.55559e-05	-0.000158189	0.00198227	0.0111112	-0.0316379	0.396455	0	0	0	0	0.115596	-0.251853	-0.906619	34.125	3	55675	5620528
467	-2.04907	0.770571	8.21952	0.647634	-0.328696	0.293547	-0.0204793	0.00763443	0.0822047	0.999998	-6.33752e-05	0.000255685	0.00199412	-0.012675	0.0511371	0.398825	0	0	0	0	0.111973	-0.241518	-0.909908	34.125	3	55678	5620828
468	-0.589443	0.976806	9.9947	0.235358	-1.30358	0.813257	-0.00593322	0.00976841	0.0999447	0.999998	-0.00012281	5.91852e-06	0.00204593	-0.024562	0.0011837	0.409187	0	0	0	0	0.103024	-0.241718	-0.921993	34.125	3	55682	5621228
469	-1.23189	1.27588	8.55248	0.886557	-0.264133	-0.462522	-0.0124109	0.0126679	0.085525	0.999998	0.000239434	-0.000237287	0.00202049	0.0478868	-0.0474574	0.404098	0	0	0	0	0.0972145	-0.240198	-0.922437	34.125	3	55685	5621528
470	-0.438104	-0.33325	9.9383	-0.954921	-0.327873	1.6354	-0.00436806	-0.00327038	0.0993856	0.999998	-0.000401345	-1.75038e-06	0.00201861	-0.0802691	-0.000350076	0.403722	0	0	0	0	0.0925837	-0.241869	-0.93609	34.125	3	55688	5621828
471	-1.50593	3.07311	9.96881	1.62242	-2.38366	0.802399	-0.0151676	0.030649	0.099697	0.999998	9.81822e-05	9.39722e-05	0.00206917	0.0196364	0.0187945	0.413834	0	0	0	0	0.0848303	-0.248029	-0.942757	34.125	3	55692	5622228
472	0.00185556	-0.945338	11.4514	-1.15477	0.628876	2.80832	6.33786e-05	-0.00944668	0.114514	0.999998	-2.85299e-05	2.94739e-05	0.00201441	-0.00570599	0.00589478	0.402883	0	0	0	0	0.0841366	-0.244015	-0.948725	34.125	3	55695	5622528
473	-0.452803	-0.759545	10.3899	-0.246741	0.363001	1.12286	-0.00452239	-0.00758885	0.1039	0.999998	-0.000122104	-0.000124382	0.00207357	-0.0244209	-0.0248763	0.414713	0	0	0	0	0.0783367	-0.24973	-0.953876	34.125	3	55698	5622828
474	0.168335	1.63677	11.4828	0.145173	-1.99743	1.55063	0.00155878	0.0163969	0.114826	0.999998	-9.88592e-05	-0.000256965	0.00200091	-0.0197718	-0.051393	0.400181	0	0	0	0	0.0772767	-0.246759	-0.955825	34.125	3	55702	5623228
475	-0.883865	0.111654	9.24868	0.237541	-0.428354	0.508055	-0.00889598	0.00110995	0.0924814	0.999998	-0.000160845	-0.000285264	0.00204923	-0.0321691	-0.0570528	0.409847	0	0	0	0	0.0709344	-0.25098	-0.962455	34.125	3	55705	5623528
476	-3.02611	0.0327956	5.98034	2.57987	1.28591	-2.81499	-0.0302785	0.000216958	0.0597951	0.999998	-8.20214e-05	-0.000136058	0.00199551	-0.0164043	-0.0272116	0.399102	0	0	0	0	0.0699494	-0.245173	-0.959291	34.125	3	55708	5623828
477	-0.887379	0.628591	9.59753	0.157795	-0.46076	0.684419	-0.00892478	0.00622257	0.0959747	0.999998	0.000143743	-0.000134745	0.00200811	0.0287486	-0.0269491	0.401622	0	0	0	0	0.0635715	-0.24503	-0.964309	34.125	3	55712	5624228
478	-2.43716	1.06041	7.65011	1.56638	-0.122465	-0.878614	-0.0244128	0.0105437	0.0764964	0.999998	-0.000254067	1.19881e-05	0.00203651	-0.0508134	0.00239762	0.407303	0	0	0	0	0.0597652	-0.240211	-0.959134	34.125	3	55715	5624528
479	-2.22392	0.629466	7.52094	1.25966	-0.154372	-0.672468	-0.0222294	0.00622131	0.0752185	0.999998	-0.000112199	0.00023428	0.00202898	-0.0224399	0.0468561	0.405797	0	0	0	0	0.0542807	-0.236653	-0.964585	34.125	3	55718	5624828
480	-1.12	1.21146	9.74524	0.451966	-1.43298	1.08518	-0.0112158	0.0121102	0.0974511	0.999998	-0.0002184	0.000179467	0.00209472	-0.04368	0.0358934	0.418943	0	0	0	0	0.048076	-0.235192	-0.961494	34.125	3	55722	5625228
481	-2.20726	0.19348	8.43124	0.830931	0.243745	-0.10066	-0.0220409	0.00183957	0.0843228	0.999998	4.18142e-05	0.000233247	0.00199891	0.00836284	0.0466494	0.399783	0	0	0	0	0.0421488	-0.227322	-0.962302	34.125	3	55725	5625528
482	-1.6113	0.632897	7.73125	1.15824	-0.228057	-0.749021	-0.0161362	0.00628475	0.0773113	0.999998	-0.000137513	1.57169e-05	0.00203067	-0.0275026	0.00314337	0.406135	0	0	0	0	0.0368679	-0.230177	-0.963856	34.125	3	55728	5625828
483	-1.85759	-1.47234	8.41695	-0.113592	1.73726	-0.265475	-0.0185189	-0.0147839	0.0841715	0.999998	-9.46094e-05	-2.26047e-05	0.00206042	-0.0189219	-0.00452094	0.412085	0	0	0	0	0.0334512	-0.228668	-0.964817	34.125	3	55732	5626228
484	-1.25741	2.57067	8.49423	1.58951	-1.54925	-0.693881	-0.0127024	0.0256335	0.0849453	0.999998	0.000131346	-0.000147333	0.00201252	0.0262693	-0.0294666	0.402504	0	0	0	0	0.0299952	-0.234358	-0.972503	34.125	3	55735	5626528
485	-1.79763	0.507038	8.29225	1.03349	-0.158052	-0.214339	-0.0179861	0.00507591	0.08292	0.999998	-0.000457647	6.01551e-05	0.00195688	-0.0915295	0.012031	0.391377	0	0	0	0	0.0289318	-0.228976	-0.972884	34.125	3	55738	5626828
486	-1.39439	0.920175	9.38788	0.441114	-0.862854	0.704435	-0.0139704	0.0091642	0.0938785	0.999998	-9.65125e-05	5.36724e-05	0.00199462	-0.0193025	0.0107345	0.398925	0	0	0	0	0.0302955	-0.233748	-0.979562	34.125	3	55742	5627228
487	-0.721876	0.110975	8.80763	0.467127	0.0230618	-0.32357	-0.00725144	0.00106126	0.0880742	0.999998	0.000117909	-0.000161861	0.00191563	0.0235818	-0.0323723	0.383127	0	0	0	0	0.0274905	-0.235711	-0.977572	34.125	3	55745	5627528
488	-0.994268	0.320729	9.31433	0.291421	-0.795661	0.869236	-0.00997574	0.00323636	0.0931388	0.999998	-0.000355211	-0.000113036	0.00186261	-0.0710423	-0.0226073	0.372523	0	0	0	0	0.02879	-0.235136	-0.983121	34.125	3	55748	5627828
489	-1.73643	-1.93208	8.27102	-0.5588	1.61271	-0.545216	-0.0173329	-0.019323	0.0827163	0.999998	-0.00033525	-0.000198639	0.0016617	-0.0670501	-0.0397279	0.332339	0	0	0	0	0.0248794	-0.235059	-0.985627	34.125	3	55752	5628228
490	-0.886463	0.960561	9.05343	1.34721	-1.17653	-0.105365	-0.0089517	0.00963737	0.0905224	0.999999	-0.000315257	-0.000329838	0.00142121	-0.0630514	-0.0659677	0.284243	0	0	0	0	0.0277105	-0.228778	-0.98348	34.125	3	55755	5628528
491	-1.17377	1.88987	9.84949	0.516745	-2.3362	1.52649	-0.0117153	0.0188987	0.0984976	0.999999	-0.000151674	0.000357676	0.00127269	-0.0303348	0.0715352	0.254539	0	0	0	0	0.023808	-0.229189	-0.985996	34.125	3	55758	5628828
492	-1.61277	0.653521	8.55114	0.495054	-0.120748	0.11734	-0.0161338	0.00653601	0.0855102	0.999999	-0.000182065	3.65376e-05	0.000940181	-0.036413	0.00730752	0.188036	0	0	0	0	0.0242459	-0.222897	-0.983333	34.125	3	55762	5629228
493	-1.34833	0.568947	9.04084	1.10413	0.341902	-0.517986	-0.0135413	0.00563465	0.0904033	1	0.000190411	-0.000273198	0.000754826	0.0380822	-0.0546397	0.150965	0	0	0	0	0.0197427	-0.22418	-0.991422	34.125	3	55765	5629528
494	0.117759	-1.77392	10.3528	-1.90977	0.318846	1.55213	0.00118739	-0.0177397	0.103527	1	9.4895e-06	-6.26011e-05	0.000641397	0.0018979	-0.0125202	0.128279	0	0	0	0	0.0164009	-0.219834	-0.987269	34.125	3	55768	5629828
495	-1.05844	-1.62882	9.72523	-0.912905	1.3785	0.81366	-0.0105947	-0.0163003	0.0972491	1	7.35832e-06	-0.000137676	0.00050359	0.00147166	-0.0275352	0.100718	0	0	0	0	0.0128271	-0.22062	-0.996362	34.125	3	55772	5630228
496	0.13129	2.19211	11.5509	0.448165	-3.00439	2.74485	0.00127523	0.021938	0.115506	1	-6.77342e-05	-6.91126e-05	0.000494807	-0.0135468	-0.0138225	0.0989614	0	0	0	0	0.00512501	-0.221034	-0.99684	34.125	3	55775	5630528
497	-0.617654	-1.51981	9.98566	-0.855392	0.698418	0.596346	-0.00621015	-0.0151946	0.0998551	1	-4.39872e-05	-0.000233471	0.000428242	-0.00879744	-0.0466942	0.0856484	0	0	0	0	0.00583671	-0.219895	-1.00641	34.125	3	55778	5630828
498	-2.23368	1.0856	8.74194	2.63992	-0.136842	-0.681875	-0.0223679	0.0108557	0.0874115	1	-8.85088e-05	-0.000133778	0.000354091	-0.0177018	-0.0267556	0.0708183	0	0	0	0	0.00251594	-0.22713	-1.00959	34.125	3	55782	5631228
499	0.940449	-0.805228	11.6217	-2.00698	-1.02573	2.77545	0.00936607	-0.00802277	0.116222	1	-9.6412e-05	-0.00019146	0.000378283	-0.0192824	-0.038292	0.0756567	0	0	0	0	0.00335954	-0.225124	-1.01308	34.125	3	55785	5631528
500	-2.85705	1.47174	7.12054	2.6849	-0.503446	-1.46209	-0.028579	0.0146831	0.071209	1	8.37605e-05	2.08054e-05	0.000390289	0.0167521	0.00416108	0.0780577	0	0	0	0	-9.65782e-06	-0.229432	-1.0162	34.125	3	55788	5631828
501	-1.09632	0.578506	10.2248	0.836415	-0.462091	1.32489	-0.0109249	0.00578415	0.102252	1	-3.11496e-05	0.00020598	0.00033225	-0.00622993	0.0411959	0.06645	0	0	0	0	0.00285237	-0.229438	-1.01722	34.125	3	55792	5632228
502	0.53582	0.451994	11.6744	-0.59026	-1.47645	2.26434	0.00534299	0.00450685	0.116745	1	7.21729e-05	-5.1583e-05	0.000351387	0.0144346	-0.0103166	0.0702775	0	0	0	0	-0.000211298	-0.229766	-1.02479	34.125	3	55795	5632528
503	-0.374532	1.36201	9.86814	0.482759	-1.54531	0.931374	-0.00380038	0.0136213	0.0986791	1	-2.02429e-05	-0.000228988	0.000362152	-0.00404858	-0.0457976	0.0724303	0	0	0	0	0.00272613	-0.22549	-1.01966	34.125	3	55798	5632828
504	0.214189	-0.541004	11.3359	-0.930977	-0.458648	2.09966	0.00209673	-0.00540368	0.11336	1	-2.10081e-05	-0.000217165	0.000376717	-0.00420162	-0.0434329	0.0753434	0	0	0	0	0.000177231	-0.223438	-1.02414	34.125	3	55802	5633228
505	-1.28572	2.33597	8.70949	2.54342	-1.36977	-1.07636	-0.0129305	0.0233379	0.0870899	1	7.97237e-05	-0.000338565	0.000305822	0.0159447	-0.0677131	0.0611645	0	0	0	0	-0.00405322	-0.220584	-1.018	34.125	3	55805	5633528
506	-2.90641	-0.848791	7.50126	0.420026	2.08371	-0.764283	-0.0290465	-0.00848322	0.0750199	1	-0.000154022	8.12421e-05	0.000317039	-0.0308044	0.0162484	0.0634079	0	0	0	0	-0.00708704	-0.217561	-1.02196	34.125	3	55808	5633828
507	-0.135366	-0.860959	11.0315	-1.55133	0.0601997	2.26464	-0.00132079	-0.0085921	0.110317	1	-8.36279e-05	0.000120786	0.000361581	-0.0167256	0.0241573	0.0723163	0	0	0	0	-0.013019	-0.211615	-1.02433	34.125	3	55812	5634228
508	-1.03489	0.571207	9.83828	0.564747	-0.318627	0.805651	-0.0103511	0.00569875	0.0983833	1	2.75233e-05	1.09223e-05	0.000381755	0.00550466	0.00218446	0.0763511	0	0	0	0	-0.014637	-0.204729	-1.02669	34.125	3	55815	5634528
509	-0.554055	-1.58295	10.5893	-0.793522	0.471566	1.34881	-0.00555842	-0.0158207	0.105894	1	-6.12268e-05	-0.000140713	0.000376821	-0.0122454	-0.0281427	0.0753642	0	0	0	0	-0.0204189	-0.205638	-1.02769	34.125	3	55818	5634828
510	-0.356029	-0.369483	9.57591	-0.668468	0.0244964	0.655562	-0.00360416	-0.00370517	0.0957571	1	3.7695e-05	-0.000245943	0.000436718	0.007539	-0.0491887	0.0873436	0	0	0	0	-0.0239662	-0.20066	-1.03161	34.125	3	55822	5635228
511	0.798169	-0.249655	11.7551	-2.25138	-0.766058	3.20137	0.00800166	-0.00259461	0.117548	1	0.000443104	7.66427e-05	0.000382783	0.0886208	0.0153285	0.0765566	0	0	0	0	-0.0274583	-0.203433	-1.03872	34.125	3	55825	5635528
512	-1.50316	-0.334112	9.35459	0.21817	0.151753	0.817951	-0.0150149	-0.00336121	0.0935479	1	4.16736e-05	7.46039e-05	0.000408926	0.00833472	0.0149208	0.0817852	0	0	0	0	-0.031376	-0.199977	-1.03913	34.125	3	55828	5635828
513	-1.22867	0.699136	8.66655	0.535594	-0.673045	0.132351	-0.0122619	0.00699232	0.0866689	1	-5.30902e-05	0.000170092	0.000335714	-0.010618	0.0340184	0.0671428	0	0	0	0	-0.0293073	-0.198787	-1.05225	34.125	3	55832	5636228
514	-1.48496	-1.46912	8.5487	-0.596049	1.74698	-0.126175	-0.0148582	-0.0147322	0.0854784	1	0.000174582	-0.000115251	0.000376849	0.0349164	-0.0230502	0.0753698	0	0	0	0	-0.0312598	-0.196342	-1.05168	34.125	3	55835	5636528
515	-1.52327	0.0400721	9.41037	-0.366635	-0.139665	1.51977	-0.0151888	0.000389568	0.0941108	1	1.45063e-06	0.000234563	0.000357656	0.000290125	0.0469125	0.0715311	0	0	0	0	-0.029993	-0.195261	-1.05823	34.125	3	55838	5636828
516	-0.896817	-1.0046	9.53789	-1.44209	0.198651	1.70398	-0.0089323	-0.0100012	0.095387	1	-0.00026325	0.000155936	0.000305302	-0.0526499	0.0311872	0.0610604	0	0	0	0	-0.0367192	-0.191357	-1.05508	34.125	3	55842	5637228
517	-0.946007	-1.46747	10.1536	-0.886998	1.12327	1.13031	-0.00945789	-0.0146528	0.10154	1	-0.000145038	-4.683e-05	0.000398573	-0.0290076	-0.00936601	0.0797147	0	0	0	0	-0.0358533	-0.184066	-1.05391	34.125	3	55845	5637528
518	0.864103	0.382993	12.1034	-1.99012	-1.47529	3.28786	0.00859318	0.00377653	0.121039	1	0.000249097	-0.000185106	0.00040043	0.0498193	-0.0370213	0.0800861	0	0	0	0	-0.0406683	-0.18306	-1.05336	34.125	3	55848	5637828
519	0.127263	-0.64829	10.1355	-1.48391	-0.32888	1.43265	0.0012911	-0.00646118	0.101357	1	-0.000102663	6.83404e-05	0.000357055	-0.0205325	0.0136681	0.0714111	0	0	0	0	-0.0446279	-0.168973	-1.04798	34.125	3	55852	5638228
520	-1.55278	-0.843209	8.9279	0.130644	0.987133	-0.0499868	-0.0155522	-0.00848645	0.0892696	1	0.000233913	-0.000174817	0.000405451	0.0467826	-0.0349634	0.0810902	0	0	0	0	-0.0515728	-0.167318	-1.05549	34.125	3	55855	5638528
521	-1.22325	0.73168	9.89059	1.22994	-0.0167649	0.293296	-0.0122877	0.00728912	0.0989011	1	8.51378e-05	-0.000246246	0.000442003	0.0170276	-0.0492491	0.0884007	0	0	0	0	-0.0558759	-0.160074	-1.04925	34.125	3	55858	5638828
522	0.24206	-0.527876	10.3944	-1.54201	-0.703706	2.07223	0.00246011	-0.00527081	0.103943	1	-2.95957e-05	0.000171324	0.000369699	-0.00591913	0.0342648	0.0739397	0	0	0	0	-0.0642922	-0.155977	-1.05619	34.125	3	55862	5639228
523	0.337049	0.165389	11.3862	-1.54751	-1.57281	3.24286	0.00340024	0.00157286	0.113862	1	0.000368621	0.000136701	0.000429643	0.0737243	0.0273403	0.0859285	0	0	0	0	-0.0718881	-0.158397	-1.05368	34.125	3	55865	5639528
524	-1.30175	0.271952	9.1225	0.696837	-0.155978	0.397848	-0.0130015	0.0026914	0.0912282	1	0.000107455	9.73888e-05	0.000327371	0.021491	0.0194778	0.0654742	0	0	0	0	-0.0731084	-0.155309	-1.06219	34.125	3	55868	5639828
522	-1.10177	1.85975	10.4989	1.27567	-1.188	1.47308	-0.0109932	0.0185632	0.104997	1	0.000127714	0.000176646	0.000340135	0.0255427	0.0353292	0.0680269	0	0	0	0	-0.0803176	-0.157182	-1.06321	34.125	3	55872	5640228
526	-0.645761	-1.03179	9.64479	-0.731794	0.455974	1.06117	-0.00646819	-0.0103117	0.0964478	1	-5.31817e-05	-8.89192e-05	0.000318813	-0.0106363	-0.0177838	0.0637627	0	0	0	0	-0.0798607	-0.155723	-1.06318	34.125	3	55875	5640528
527	-0.134873	0.0331545	10.0591	-1.09706	-0.614096	1.4402	-0.00136554	0.000318993	0.100591	1	5.8254e-05	-8.25886e-05	0.000306636	0.0116508	-0.0165177	0.0613273	0	0	0	0	-0.083711	-0.160027	-1.06629	34.125	3	55878	5640828
528	-0.388738	0.496447	10.6102	-0.286103	-0.409182	1.73808	-0.00391748	0.00496572	0.106101	1	-1.69042e-05	-0.00012781	0.000300198	-0.00338084	-0.0255619	0.0600396	0	0	0	0	-0.0860739	-0.155219	-1.06112	34.125	3	55882	5641228
529	-1.00953	0.672356	9.54589	0.574831	-0.639267	0.882432	-0.010109	0.00673154	0.0954568	1	-6.65544e-05	-5.56914e-05	0.000233809	-0.0133109	-0.0111383	0.0467617	0	0	0	0	-0.0867733	-0.15602	-1.07073	34.125	3	55885	5641528
530	-1.86376	-1.48106	7.78196	0.313553	2.26456	-1.51669	-0.0186562	-0.0147623	0.0778243	1	-0.000320787	-0.000127631	4.17236e-05	-0.0641573	-0.0255261	0.00834472	0	0	0	0	-0.0876307	-0.149824	-1.062	34.125	3	55888	5641828
531	-0.933562	-2.12117	10.0782	-1.63954	2.54607	1.23367	-0.0093681	-0.0212583	0.100769	1	0.000232655	-0.000158306	-1.36388e-05	0.046531	-0.0316612	-0.00272777	0	0	0	0	-0.0915081	-0.148807	-1.06247	34.125	3	55892	5642228
532	-1.30754	-0.47034	8.79107	0.0150141	0.829613	0.110828	-0.0131024	-0.00469553	0.0879071	1	-3.50096e-05	-0.000149923	-6.53403e-05	-0.00700192	-0.0299846	-0.0130681	0	0	0	0	-0.0942264	-0.149388	-1.0559	34.125	3	55895	5642528
533	0.151858	-0.703737	10.0644	-0.620133	-0.378585	1.01262	0.00147432	-0.00699865	0.100647	1	-0.000194254	-0.000210897	-0.000128924	-0.0388508	-0.0421794	-0.0257849	0	0	0	0	-0.0999614	-0.145032	-1.05123	34.125	3	55899	5642928
534	1.08684	-0.628274	13.2261	-2.57688	-1.85688	4.80195	0.010895	-0.00630659	0.132258	1	9.07662e-05	0.000100192	7.54944e-06	0.0181532	0.0200384	0.00150989	0	0	0	0	-0.108594	-0.148835	-1.05279	34.125	3	55902	5643228
535	-0.0438224	-0.635274	11.2704	-1.27316	-0.233086	2.61783	-0.000426426	-0.00639581	0.112702	1	0.000191529	5.89985e-05	-0.000117682	0.0383058	0.0117997	-0.0235365	0	0	0	0	-0.110007	-0.144026	-1.04813	34.125	3	55905	5643528
536	-1.63556	-0.273025	9.44469	0.460266	0.236099	0.918131	-0.0163451	-0.00272237	0.0944489	1	-3.22513e-05	5.70008e-05	-5.45284e-05	-0.00645027	0.0114002	-0.0109057	0	0	0	0	-0.114306	-0.150277	-1.05128	34.125	3	55908	5643828
537	1.51118	0.110496	13.0435	-2.27912	-2.14422	4.40568	0.0151568	0.00108132	0.13043	1	8.1661e-05	0.000171895	-7.73322e-05	0.0163322	0.0343791	-0.0154664	0	0	0	0	-0.120388	-0.151797	-1.04523	34.125	3	55912	5644228
538	-0.0147174	-0.249502	10.0627	-1.01973	-0.557227	1.61252	-0.000189629	-0.00258946	0.100624	1	0.000469366	-0.000209163	-7.09252e-05	0.0938732	-0.0418327	-0.014185	0	0	0	0	-0.122356	-0.158013	-1.05142	34.125	3	55915	5644528
539	-1.08688	0.799436	9.95974	0.779703	-0.146048	1.18666	-0.0108605	0.00801287	0.0995969	1	-7.11985e-05	2.56567e-05	-0.000199061	-0.0142397	0.00513135	-0.0398122	0	0	0	0	-0.127933	-0.159555	-1.04436	34.125	3	55918	5644828
540	1.3354	-0.566057	12.3549	-2.19282	-0.593918	3.10937	0.0132966	-0.0057293	0.123552	1	0.000267403	-0.000227647	-9.97725e-05	0.0534807	-0.0455294	-0.0199545	0	0	0	0	-0.128901	-0.165807	-1.04904	34.125	3	55922	5645228
541	-0.591051	1.98797	8.66146	1.81209	-0.885904	-0.597459	-0.00595298	0.0199216	0.086602	1	-0.000234533	-0.000270525	-0.00011033	-0.0469066	-0.054105	-0.022066	0	0	0	0	-0.130695	-0.170705	-1.04712	34.125	3	55925	5645528
542	-1.67007	0.0694012	8.76644	0.326935	1.41838	-0.155699	-0.0167303	0.000662859	0.087659	1	0.00019867	-0.000169796	-0.000110014	0.0397339	-0.0339591	-0.0220029	0	0	0	0	-0.127768	-0.173167	-1.04718	34.125	3	55928	5645828
543	-1.59279	0.567238	8.08551	1.14816	0.99477	-0.989293	-0.0159967	0.0056437	0.0808435	1	0.000189907	-0.000429775	-6.34936e-05	0.0379814	-0.085955	-0.0126987	0	0	0	0	-0.132429	-0.178538	-1.04476	34.125	3	55932	5646228
544	-0.270708	-0.242891	9.87774	0.385589	-0.207903	0.442246	-0.00274754	-0.00240194	0.0987769	1	-0.0001331	-0.000201732	-0.000124491	-0.0266201	-0.0403464	-0.0248982	0	0	0	0	-0.132737	-0.177215	-1.03664	34.125	3	55935	5646528
545	-0.245343	-1.44618	10.3082	-1.09016	0.0250548	1.5838	-0.00247711	-0.0144378	0.103085	1	-0.000114915	-0.000107718	-5.09633e-05	-0.022983	-0.0215436	-0.0101927	0	0	0	0	-0.133602	-0.181615	-1.03573	34.125	3	55938	5646828
546	-0.96125	-1.43017	10.0272	-1.40465	1.39056	1.51103	-0.00957462	-0.0143125	0.100275	1	6.38235e-05	0.000204087	-0.000106589	0.0127647	0.0408174	-0.0213179	0	0	0	0	-0.136233	-0.180814	-1.02459	34.125	3	55942	5647228
547	-1.37062	-0.0934419	9.10182	0.163196	0.691154	0.463617	-0.0136912	-0.000947004	0.0910204	1	8.01373e-05	8.35374e-05	-7.31027e-05	0.0160275	0.0167075	-0.0146205	0	0	0	0	-0.138162	-0.182722	-1.02614	34.125	3	55945	5647528
548	0.080428	0.585805	11.4161	-0.496063	-0.963271	2.24636	0.000779173	0.00581731	0.114163	1	0.000177814	-0.000114539	-8.95194e-05	0.0355628	-0.0229079	-0.0179039	0	0	0	0	-0.141349	-0.181862	-1.01802	34.125	3	55948	5647828
549	-0.883707	0.0104999	9.59244	-0.845053	0.265442	1.19598	-0.00881737	1.68639e-05	0.0959263	1	0.000466508	0.000102657	-7.72837e-05	0.0933016	0.0205314	-0.0154567	0	0	0	0	-0.147452	-0.18433	-1.0135	34.125	3	55952	5648228
550	-1.80371	-1.41212	8.63338	-0.595616	1.49909	0.443259	-0.0180195	-0.0140789	0.0863444	1	-0.000205479	0.000132933	-0.000187588	-0.0410958	0.0265865	-0.0375177	0	0	0	0	-0.152602	-0.189209	-1.01106	34.125	3	55955	5648528
551	0.109672	0.397951	12.1284	-0.834455	-0.811139	3.29331	0.00111753	0.00392946	0.121285	1	0.00020599	8.46024e-05	-3.61227e-05	0.0411981	0.0169205	-0.00722453	0	0	0	0	-0.153532	-0.191152	-1.0111	34.125	3	55958	5648828
552	-1.53779	0.505722	8.27777	0.775606	0.306139	-0.615362	-0.0153843	0.00504759	0.0827771	1	8.213e-05	-4.65483e-05	-0.000128721	0.016426	-0.00930966	-0.0257442	0	0	0	0	-0.161028	-0.201837	-1.01029	34.125	3	55962	5649228
553	-0.860263	0.976182	10.6681	0.216961	-0.605518	1.9078	-0.00853883	0.00977029	0.106685	1	-3.45892e-05	0.000293207	-6.34108e-05	-0.00691784	0.0586414	-0.0126822	0	0	0	0	-0.160415	-0.202419	-1.00526	34.125	3	55965	5649528
554	-0.60739	-0.478174	10.5388	-0.788732	0.0084365	1.90325	-0.00610326	-0.00477667	0.105387	1	-1.96163e-05	-0.000135844	-7.62018e-05	-0.00392326	-0.0271688	-0.0152404	0	0	0	0	-0.161265	-0.21213	-1.00749	34.125	3	55968	5649828
555	-0.0545004	-1.16182	10.3334	-1.84294	0.332596	1.81254	-0.00053797	-0.0116153	0.103334	1	-1.35632e-05	4.59964e-05	-0.000106397	-0.00271263	0.00919928	-0.0212793	0	0	0	0	-0.162415	-0.219561	-1.00058	34.125	3	55972	5650228
556	-0.343512	1.08625	10.6347	-0.153538	-0.74748	1.72578	-0.00344163	0.010818	0.106351	1	0.00020989	-3.24962e-05	-1.82976e-05	0.041978	-0.00649924	-0.00365951	0	0	0	0	-0.163226	-0.223518	-0.997128	34.125	3	55975	5650528
557	-1.36553	1.2496	8.96911	1.04602	-0.587323	0.0957291	-0.0136493	0.0124735	0.0896951	1	0.000136392	2.31927e-05	-7.16674e-05	0.0272785	0.00463854	-0.0143335	0	0	0	0	-0.163441	-0.227082	-0.988621	34.125	3	55978	5650828
558	-0.552523	-1.23826	10.5873	-1.27164	0.93684	1.61689	-0.00550975	-0.0124219	0.105869	1	0.00018904	8.13613e-05	-7.0399e-05	0.037808	0.0162723	-0.0140798	0	0	0	0	-0.160953	-0.227644	-0.985614	34.125	3	55982	5651228
559	-0.313265	-1.72694	11.1626	-2.76712	0.924892	3.29145	-0.00310492	-0.0173618	0.111612	1	0.00041643	0.000137704	-8.68128e-05	0.0832861	0.0275407	-0.0173626	0	0	0	0	-0.160125	-0.236093	-0.97722	34.125	3	55985	5651528
560	-2.22951	-0.529615	7.67667	0.296082	1.95779	-0.669939	-0.0222836	-0.00536669	0.0767652	1	0.000468616	7.72534e-05	-3.1592e-05	0.0937233	0.0154507	-0.0063184	0	0	0	0	-0.159837	-0.234377	-0.964051	34.125	3	55989	5651928
561	-0.64689	-0.390487	9.1233	-0.537283	0.949428	-0.159706	-0.00649076	-0.00390259	0.0912316	1	-3.72669e-06	-0.000114543	-0.000122855	-0.000745338	-0.0229086	-0.0245709	0	0	0	0	-0.16201	-0.241754	-0.95966	34.125	3	55992	5652228
562	1.09557	-1.28537	12.3042	-2.99215	0.614223	3.00585	0.0109185	-0.0129571	0.123035	1	0.00042334	-0.000155009	3.58814e-05	0.084668	-0.0310018	0.00717628	0	0	0	0	-0.162351	-0.23848	-0.951505	34.125	3	55995	5652528
563	-1.62359	-0.124311	8.71737	0.109056	0.179521	0.463975	-0.0162303	-0.00123977	0.0871748	1	-3.13455e-05	3.13752e-05	6.56032e-05	-0.00626911	0.00627505	0.0131206	0	0	0	0	-0.165559	-0.242905	-0.948053	34.125	3	55999	5652928
564	-2.361	0.721172	8.14647	1.30827	0.194662	0.00907302	-0.023566	0.00719874	0.0814786	1	2.42573e-05	0.00028717	0.000191381	0.00485146	0.0574341	0.0382761	0	0	0	0	-0.167732	-0.245947	-0.940534	34.125	3	56002	5653228
565	-0.306042	-0.226824	11.66	-1.48518	0.225605	2.98772	-0.00305171	-0.0023337	0.116599	1	0.000273004	3.15203e-05	0.000294278	0.0546008	0.00630407	0.0588556	0	0	0	0	-0.167765	-0.248332	-0.943618	34.125	3	56005	5653528
566	0.753271	0.513165	11.467	-0.575434	-1.75322	2.28358	0.00745439	0.00514805	0.114674	1	-4.3618e-05	-0.000322375	0.000426772	-0.00872361	-0.064475	0.0853544	0	0	0	0	-0.169538	-0.249391	-0.938077	34.125	3	56008	5653828
567	0.317085	0.317476	11.4834	-2.02052	-1.1484	3.25528	0.00322952	0.00318576	0.114832	1	-3.76765e-05	0.000265586	0.000366522	-0.0075353	0.0531171	0.0733045	0	0	0	0	-0.171846	-0.253779	-0.937154	34.125	3	56012	5654228
568	-0.0985886	0.566261	10.5881	-0.187868	-0.787109	1.4601	-0.0010013	0.00563238	0.105882	1	0.000138888	-5.08052e-05	0.000411889	0.0277776	-0.010161	0.0823778	0	0	0	0	-0.169348	-0.26013	-0.937812	34.125	3	56015	5654528
569	0.0838004	0.721946	10.6097	-0.698462	-0.99787	1.7766	0.00084658	0.00725116	0.106094	1	-0.000146935	6.183e-05	0.000314005	-0.0293871	0.012366	0.062801	0	0	0	0	-0.164524	-0.260179	-0.93733	34.125	3	56018	5654828
570	-0.171255	-0.0314941	10.7801	-1.1326	-0.326429	2.14082	-0.00169891	-0.000346276	0.107802	1	0.00013955	6.21561e-05	0.000365735	0.0279099	0.0124312	0.073147	0	0	0	0	-0.16252	-0.266518	-0.93849	34.125	3	56022	5655228
571	-0.0289425	1.19562	10.4752	-0.0329554	-1.18295	1.34164	-0.00032163	0.0119303	0.104755	1	0.000122311	-0.00010902	0.000392069	0.0244621	-0.0218039	0.0784137	0	0	0	0	-0.158986	-0.263294	-0.929344	34.125	3	56025	5655528
572	-2.14232	-1.49655	8.03313	0.0206777	2.11993	-0.90362	-0.0214126	-0.0149497	0.080337	1	-0.000189438	2.87896e-06	0.00034046	-0.0378875	0.000575791	0.068092	0	0	0	0	-0.15858	-0.26469	-0.933417	34.125	3	56028	5655828
573	-0.34844	-2.57255	10.0301	-1.89669	1.24693	1.04341	-0.00349518	-0.025657	0.100318	1	-0.000353193	-0.000138869	0.000332366	-0.0706385	-0.0277737	0.0664732	0	0	0	0	-0.156514	-0.25999	-0.924231	34.125	3	56032	5656228
574	-2.76365	2.45436	7.64272	3.63633	-0.0957854	-1.39877	-0.027667	0.0245419	0.0764166	1	-0.000119996	-8.37645e-05	0.000361519	-0.0239992	-0.0167529	0.0723038	0	0	0	0	-0.155206	-0.258458	-0.928749	34.125	3	56035	5656528
575	-2.07235	1.05143	7.94599	2.03875	0.533848	-1.42614	-0.0207335	0.0105483	0.0794528	1	-0.000288461	-2.48161e-05	0.000285269	-0.0576922	-0.00496322	0.0570538	0	0	0	0	-0.158388	-0.25712	-0.920118	34.125	3	56039	5656928
576	-1.66219	-0.266377	8.74069	0.485659	1.24231	-0.706632	-0.0166457	-0.00266796	0.0874023	1	-4.38613e-05	-0.000147216	0.000356285	-0.00877226	-0.0294432	0.071257	0	0	0	0	-0.155573	-0.249863	-0.91795	34.125	3	56042	5657228
577	-1.67574	-0.527766	8.98355	-0.184807	1.12773	0.330542	-0.0167466	-0.00530789	0.0898357	1	9.75744e-05	3.78789e-05	0.000379156	0.0195149	0.00757578	0.0758312	0	0	0	0	-0.160327	-0.251792	-0.916961	34.125	3	56045	5657528
578	-0.593852	0.748743	9.86862	0.112734	-0.731943	1.03681	-0.00593605	0.0075064	0.0986849	1	-0.000117382	3.9303e-05	0.000352788	-0.0234765	0.0078606	0.0705577	0	0	0	0	-0.163286	-0.244488	-0.914764	34.125	3	56048	5657828
579	0.763582	0.127861	11.6045	-1.68036	-1.29222	2.61036	0.00765342	0.00126408	0.116044	1	8.82262e-05	8.00672e-05	0.000388827	0.0176452	0.0160134	0.0777655	0	0	0	0	-0.170064	-0.247774	-0.918847	34.125	3	56052	5658228
580	-2.22778	0.343734	8.84506	1.56337	1.08057	-0.391701	-0.0222943	0.00339606	0.088448	1	0.000146352	-7.97524e-05	0.000345377	0.0292705	-0.0159505	0.0690754	0	0	0	0	-0.17001	-0.245886	-0.915269	34.125	3	56055	5658528
581	0.163168	0.902258	10.5689	-0.257498	-0.81951	1.07625	0.00160527	0.00899265	0.105692	1	0.000146563	-9.72306e-05	0.000325124	0.0293126	-0.0194461	0.0650248	0	0	0	0	-0.174888	-0.24917	-0.920371	34.125	3	56058	5658828
582	-0.397862	-1.36456	11.2742	-1.62964	1.14525	2.1819	-0.00398201	-0.0136925	0.112737	1	0.000199661	-4.36142e-05	0.000235737	0.0399322	-0.00872284	0.0471473	0	0	0	0	-0.177174	-0.249719	-0.915827	34.125	3	56062	5659228
583	0.19549	-0.124523	10.1662	-1.5721	-0.550062	1.4157	0.00195891	-0.00128478	0.101661	1	0.000198786	1.69372e-05	0.000221558	0.0397572	0.00338743	0.0443116	0	0	0	0	-0.177207	-0.250659	-0.917868	34.125	3	56065	5659528
584	-0.934718	-0.917137	9.42855	-1.03678	0.739892	0.933966	-0.00936114	-0.00917718	0.0942835	1	2.5792e-05	-7.89994e-05	5.0658e-05	0.0051584	-0.0157999	0.0101316	0	0	0	0	-0.177989	-0.25271	-0.911849	34.125	3	56068	5659828
585	-1.04629	0.758846	9.45166	0.70082	-0.0857743	0.396897	-0.0104859	0.00761629	0.0945118	1	-0.000154454	-0.000116332	6.51596e-05	-0.0308909	-0.0232664	0.0130319	0	0	0	0	-0.176927	-0.2499	-0.905731	34.125	3	56072	5660228
586	-1.00631	0.119909	9.13066	0.319457	0.113093	-0.138448	-0.010084	0.00122834	0.0913039	1	-0.000154661	-0.000114983	-5.00275e-05	-0.0309322	-0.0229966	-0.0100055	0	0	0	0	-0.182011	-0.254345	-0.90025	34.125	3	56075	5660528
587	-0.00862435	-0.535609	10.9431	-0.81016	0.442046	1.40913	-7.94828e-05	-0.00536864	0.109431	1	5.7425e-05	3.84263e-05	-0.00015379	0.011485	0.00768527	-0.030758	0	0	0	0	-0.17856	-0.249133	-0.893079	34.125	3	56078	5660828
588	-0.273571	1.32725	11.0572	0.490311	-1.04212	2.0685	-0.00271031	0.0132502	0.110576	1	0.000102169	0.00010626	-7.16218e-05	0.0204338	0.0212521	-0.0143244	0	0	0	0	-0.181221	-0.251683	-0.885548	34.125	3	56082	5661228
589	1.47372	-1.12233	13.0614	-3.42507	-1.07293	4.32804	0.0147494	-0.0112511	0.130611	1	8.13802e-05	6.59761e-05	-0.000220035	0.016276	0.0131952	-0.0440069	0	0	0	0	-0.181014	-0.246534	-0.873313	34.125	3	56085	5661528
590	0.342182	-1.44626	10.3328	-2.13467	0.107609	1.76486	0.00340127	-0.0144331	0.103333	1	-0.000150286	-6.74405e-05	-0.000228768	-0.0300572	-0.0134881	-0.0457536	0	0	0	0	-0.186118	-0.249037	-0.867284	34.125	3	56088	5661828
591	-2.60562	-0.0590501	8.49374	0.646256	1.21172	0.110381	-0.026015	-0.000609418	0.0849499	1	0.000169948	0.000243419	-0.00019119	0.0339896	0.0486838	-0.038238	0	0	0	0	-0.187256	-0.246839	-0.853089	34.125	3	56092	5662228
592	-1.76579	-0.870551	9.01994	-0.205521	2.15967	0.0397959	-0.0176323	-0.00875138	0.0901999	1	0.000310743	0.000169742	-0.000288479	0.0621487	0.0339484	-0.0576958	0	0	0	0	-0.186831	-0.243429	-0.853015	34.125	3	56095	5662528
593	-2.32824	-1.21492	7.88439	0.375461	2.61768	-0.947904	-0.0232786	-0.0121537	0.0788444	1	9.67094e-05	5.93764e-05	-0.000230144	0.0193419	0.0118753	-0.0460289	0	0	0	0	-0.188901	-0.247509	-0.841985	34.125	3	56098	5662828
594	-2.55623	-1.2402	7.71812	0.524964	2.95872	-1.5159	-0.0255764	-0.0124253	0.0771728	1	0.000226871	-5.46505e-05	-0.000228867	0.0453742	-0.0109301	-0.0457733	0	0	0	0	-0.186836	-0.2457	-0.834883	34.125	3	56102	5663228
595	-0.884876	-0.57815	8.40157	-0.398896	0.928899	-0.543734	-0.00886487	-0.00583159	0.0840106	1	0.000315007	-8.4829e-05	-0.000160038	0.0630014	-0.0169658	-0.0320077	0	0	0	0	-0.187575	-0.254047	-0.83153	34.125	3	56105	5663528
596	-0.243471	0.591441	11.5576	-1.45348	-0.9149	3.40594	-0.002373	0.00593374	0.115576	1	-7.75364e-05	0.000251947	-0.000292806	-0.0155073	0.0503894	-0.0585612	0	0	0	0	-0.180226	-0.25324	-0.825485	34.125	3	56108	5663828
597	-1.85471	-0.786449	9.39966	-0.532749	0.917038	1.15049	-0.0185229	-0.00788085	0.0939999	1	0.000123861	0.00014424	-0.000186835	0.0247722	0.0288481	-0.0373669	0	0	0	0	-0.174768	-0.262561	-0.825212	34.125	3	56112	5664228
598	-0.902662	0.721296	9.45551	0.3866	-0.612329	0.512752	-0.00902358	0.00721055	0.0945556	1	3.30608e-05	-1.48988e-07	-0.000212813	0.00661215	-2.97976e-05	-0.0425626	0	0	0	0	-0.169327	-0.259822	-0.817096	34.125	3	56115	5664528
599	-0.929122	0.59521	9.40954	-0.0240615	0.322847	0.254471	-0.00930098	0.00590512	0.0940975	1	0.000269861	-6.47705e-05	-0.000204914	0.0539722	-0.0129541	-0.0409828	0	0	0	0	-0.162482	-0.265741	-0.816754	34.125	3	56118	5664828
600	-0.676171	-0.410466	10.1181	-0.561115	0.631816	1.07743	-0.0067954	-0.00412545	0.101178	1	0.000112801	-0.000160404	-0.000150026	0.0225602	-0.0320808	-0.0300052	0	0	0	0	-0.153473	-0.269922	-0.805272	34.125	3	56122	5665228
601	-1.27364	-0.360248	8.87274	0.0839945	1.00434	-0.310527	-0.0127803	-0.00361059	0.0887208	1	7.64881e-05	-0.000238966	-0.000213998	0.0152976	-0.0477933	-0.0427996	0	0	0	0	-0.146264	-0.266604	-0.803211	34.125	3	56125	5665528
602	-2.43167	0.157584	7.50845	1.05339	1.36155	-1.45963	-0.0243258	0.00157594	0.0750815	1	7.14962e-05	-6.51221e-05	-0.000222752	0.0142992	-0.0130244	-0.0445504	0	0	0	0	-0.140664	-0.269764	-0.792701	34.125	3	56128	5665828
603	-1.14146	0.0352398	9.79711	-0.207013	0.777748	0.727787	-0.0113971	0.000349188	0.0979732	1	3.71683e-05	8.89554e-05	-0.000178527	0.00743367	0.0177911	-0.0357054	0	0	0	0	-0.129598	-0.269856	-0.792754	34.125	3	56132	5666228
604	-1.52112	-0.24325	9.06755	-0.271433	0.660054	0.460787	-0.0151928	-0.0024211	0.0906789	1	-2.18202e-05	0.000108128	-0.000244918	-0.00436404	0.0216256	-0.0489836	0	0	0	0	-0.128954	-0.273834	-0.788805	34.125	3	56135	5666528
605	-2.01794	0.121464	8.02628	0.850656	0.665082	-0.579339	-0.0201716	0.0011746	0.0802654	1	0.000297708	4.58896e-05	-0.000192162	0.0595416	0.00917793	-0.0384324	0	0	0	0	-0.118841	-0.268625	-0.784695	34.125	3	56138	5666828
606	-0.539165	-0.79759	9.31468	-1.16947	0.614534	0.464223	-0.00543486	-0.00797903	0.093144	1	2.90624e-05	-0.000213822	-0.000211286	0.00581248	-0.0427644	-0.0422571	0	0	0	0	-0.117329	-0.273505	-0.785316	34.125	3	56142	5667228
607	-1.86802	1.3887	8.62776	1.65295	-0.64369	-0.343777	-0.0186792	0.013886	0.086278	1	4.12962e-05	-2.06729e-05	-0.000162329	0.00825924	-0.00413458	-0.0324658	0	0	0	0	-0.114314	-0.271695	-0.778724	34.125	3	56145	5667528
608	-1.72313	-1.16285	8.04152	0.144289	2.03582	-1.54129	-0.0172888	-0.0116292	0.0804027	1	5.98291e-05	-0.000319713	-0.000258995	0.0119658	-0.0639426	-0.0517991	0	0	0	0	-0.113502	-0.278822	-0.789997	34.125	3	56148	5667828
609	-2.38893	0.00351874	8.28417	0.841527	1.34761	-0.410388	-0.0239143	-1.49955e-06	0.0828345	1	0.00025882	-0.00015103	-0.000129559	0.051764	-0.030206	-0.0259118	0	0	0	0	-0.108619	-0.284697	-0.79116	34.125	3	56152	5668228
610	-0.905671	1.41072	8.93261	0.686848	-0.235191	-0.00811744	-0.00908923	0.0140867	0.089326	1	0.000135406	-0.000213657	-0.000200356	0.0270812	-0.0427313	-0.0400711	0	0	0	0	-0.102476	-0.286113	-0.796776	34.125	3	56155	5668528
611	-2.55346	-1.95485	8.61876	0.246553	2.56742	-0.371793	-0.0255422	-0.0195199	0.0861918	1	-0.000102111	4.72001e-06	-0.000215038	-0.0204221	0.000944002	-0.0430076	0	0	0	0	-0.0990866	-0.296276	-0.803078	34.125	3	56159	5668928
612	-1.382	0.404187	8.52403	0.59114	0.0692806	-0.338316	-0.0138708	0.00406414	0.085231	1	-0.000110312	-0.000303756	-0.000125182	-0.0220625	-0.0607512	-0.0250364	0	0	0	0	-0.0928856	-0.296771	-0.805643	34.125	3	56162	5669228
613	-1.07361	-0.0691328	9.2096	-0.196991	0.472792	0.217456	-0.0107378	-0.000682779	0.0920959	1	-3.03799e-05	-8.19876e-06	-0.000137497	-0.00607599	-0.00163975	-0.0274995	0	0	0	0	-0.0920078	-0.303463	-0.813877	34.125	3	56165	5669528
614	0.476812	-1.32433	11.8127	-2.92083	0.898827	2.59049	0.0047508	-0.0132877	0.118122	1	0.000183027	-5.97574e-05	-0.000120976	0.0366054	-0.0119515	-0.0241953	0	0	0	0	-0.0843512	-0.303979	-0.815944	34.125	3	56168	5669828
615	-2.48098	1.49798	9.11695	1.2916	0.201618	0.776233	-0.02477	0.0149708	0.0911818	1	3.60387e-05	0.000227016	5.02668e-05	0.00720775	0.0454033	0.0100534	0	0	0	0	-0.0800362	-0.312678	-0.822723	34.125	3	56172	5670228
616	-1.38788	-0.490348	8.70268	-0.521809	1.1423	-0.0715094	-0.0138692	-0.00485751	0.0870309	1	-0.000276633	5.09718e-05	7.84303e-05	-0.0553266	0.0101944	0.0156861	0	0	0	0	-0.075701	-0.309344	-0.820144	34.125	3	56175	5670528
617	-2.45532	0.273274	7.25016	1.39729	1.44059	-1.53578	-0.0245733	0.00273109	0.0724949	1	-6.27174e-05	-0.000129975	0.000218719	-0.0125435	-0.025995	0.0437438	0	0	0	0	-0.075254	-0.313178	-0.824271	34.125	3	56178	5670828
618	-1.89871	0.834804	9.08155	1.41167	0.0570518	0.0825396	-0.0189795	0.00835407	0.0908165	1	-9.48357e-05	6.90484e-05	0.000295081	-0.0189671	0.0138097	0.0590162	0	0	0	0	-0.0750779	-0.315716	-0.818773	34.125	3	56182	5671228
619	-1.69964	1.01112	7.93735	0.762045	0.719329	-1.20023	-0.0169966	0.0100817	0.0793772	1	0.000121422	3.69814e-05	0.000301507	0.0242845	0.00739627	0.0603014	0	0	0	0	-0.0728845	-0.310281	-0.823713	34.125	3	56185	5671528
620	-1.43467	-1.77444	9.20973	-1.40027	1.9421	0.445357	-0.0143393	-0.0177355	0.0921002	1	-7.95928e-05	1.76348e-06	0.000200925	-0.0159186	0.000352696	0.040185	0	0	0	0	-0.0756739	-0.314665	-0.822787	34.125	3	56188	5671828
621	-1.82535	-0.42053	8.66239	0.502695	1.33894	-0.510013	-0.0182784	-0.00420963	0.0866184	1	-5.29654e-05	-0.000162157	0.000369519	-0.0105931	-0.0324315	0.0739038	0	0	0	0	-0.0752948	-0.312185	-0.825259	34.125	3	56192	5672228
622	-1.20591	0.110354	8.45059	0.507674	0.461217	-0.73683	-0.0120801	0.00111025	0.0845028	1	-8.41597e-05	-0.000120137	0.000311005	-0.0168319	-0.0240274	0.0622011	0	0	0	0	-0.0796879	-0.316439	-0.830889	34.125	3	56195	5672528
623	-1.10627	0.258635	8.93412	-0.227049	0.208682	0.0013628	-0.0110478	0.00252612	0.0893448	1	0.000296694	9.28016e-05	0.000326574	0.0593388	0.0185603	0.0653147	0	0	0	0	-0.0787499	-0.314984	-0.830861	34.125	3	56198	5672828
624	-2.25237	0.178821	8.88026	1.1714	0.872716	0.146735	-0.0225142	0.00176524	0.0888055	1	2.62838e-05	6.1806e-05	0.000406353	0.00525676	0.0123612	0.0812707	0	0	0	0	-0.0808821	-0.321563	-0.844129	34.125	3	56202	5673228
625	-0.19807	-0.161505	9.59144	-0.960225	0.050759	0.706312	-0.00202209	-0.00166804	0.0959127	1	0.000268101	-0.000222482	0.000390814	0.0536202	-0.0444963	0.0781628	0	0	0	0	-0.0822562	-0.323529	-0.842651	34.125	3	56205	5673528
626	0.521735	0.332244	11.3678	-1.75422	-1.14903	2.74361	0.00524063	0.00335882	0.113676	1	-0.000146875	0.000110793	0.000285706	-0.0293751	0.0221586	0.0571411	0	0	0	0	-0.0809869	-0.32775	-0.852852	34.125	3	56208	5673828
627	-1.20135	0.287975	9.67407	0.0487896	0.394927	0.69528	-0.0120097	0.0028472	0.0967422	1	0.000117726	3.19681e-05	0.000406778	0.0235453	0.00639362	0.0813556	0	0	0	0	-0.0794713	-0.333597	-0.853999	34.125	3	56212	5674228
628	-0.0855046	0.36663	10.2725	-0.834647	-0.494596	1.44356	-0.000851089	0.00366584	0.102725	1	8.40902e-08	2.85904e-05	0.000261385	1.6818e-05	0.00571809	0.052277	0	0	0	0	-0.0763702	-0.331503	-0.863563	34.125	3	56215	5674528
629	-0.06695	-1.96658	10.8275	-3.51836	0.844098	2.42382	-0.00061344	-0.0197146	0.108266	1	0.000223638	0.000199316	0.000327578	0.0447277	0.0398632	0.0655156	0	0	0	0	-0.0749695	-0.336303	-0.868727	34.125	3	56218	5674828
630	0.151396	-0.653052	10.0722	-0.695222	0.0749899	0.995012	0.00148687	-0.00647947	0.100726	1	-0.000248683	-0.000155026	0.000318432	-0.0497366	-0.0310051	0.0636865	0	0	0	0	-0.0726256	-0.336278	-0.871263	34.125	3	56222	5675228
631	0.0675735	-1.14928	9.92819	-1.77142	0.475517	1.45066	0.000713422	-0.0114823	0.0992828	1	-5.02185e-05	0.000147384	0.00036658	-0.0100437	0.0294767	0.0733161	0	0	0	0	-0.0723058	-0.339055	-0.879912	34.125	3	56225	5675528
632	-0.00178954	-0.234792	10.9229	-1.99288	-0.498218	2.88571	5.31469e-05	-0.00238343	0.109228	1	0.000162596	0.00031823	0.000321853	0.0325192	0.063646	0.0643705	0	0	0	0	-0.0679667	-0.336688	-0.877859	34.125	3	56228	5675828
633	0.0135871	1.29995	10.4503	0.327841	-1.41541	1.34369	0.000137369	0.0130008	0.104502	1	-5.77031e-06	5.94597e-05	0.000420355	-0.00115406	0.0118919	0.084071	0	0	0	0	-0.0733909	-0.337511	-0.883913	34.125	3	56232	5676228
634	0.573138	0.952325	11.7953	-0.564965	-1.79897	2.6005	0.00569803	0.00952303	0.117955	1	2.12223e-05	-0.0001075	0.000419419	0.00424446	-0.0215	0.0838838	0	0	0	0	-0.0753311	-0.335075	-0.88284	34.125	3	56235	5676528
635	0.379673	0.154381	10.2087	-1.17195	-0.527473	1.29212	0.003776	0.00154935	0.102088	1	-1.43847e-05	-9.63282e-05	0.000343631	-0.00287694	-0.0192656	0.0687261	0	0	0	0	-0.0784232	-0.334419	-0.890892	34.125	3	56238	5676828
636	-1.89077	0.204805	9.57833	0.540726	0.556307	0.795915	-0.0188936	0.00202456	0.0957865	1	4.46089e-05	8.19821e-05	0.000395189	0.00892178	0.0163964	0.0790379	0	0	0	0	-0.0851826	-0.331454	-0.889785	34.125	3	56242	5677228
637	-0.768179	0.82207	9.98092	0.208564	-0.626013	1.12635	-0.00771388	0.00820688	0.0998079	1	3.72539e-05	-0.000126624	0.000414656	0.00745079	-0.0253247	0.0829313	0	0	0	0	-0.0873728	-0.326425	-0.897239	34.125	3	56245	5677528
638	-0.619168	-0.116209	10.4697	-0.718615	0.201156	1.66152	-0.00618549	-0.00119396	0.104697	1	0.000130381	2.53771e-05	0.000369627	0.0260762	0.00507542	0.0739254	0	0	0	0	-0.0944999	-0.32884	-0.895239	34.125	3	56248	5677828
639	-0.653987	0.658663	10.5045	-0.733244	-0.987887	2.10693	-0.00647037	0.00657519	0.10505	1	3.20062e-05	0.000353505	0.000362451	0.00640124	0.070701	0.0724903	0	0	0	0	-0.101876	-0.324327	-0.89864	34.125	3	56252	5678228
640	-1.23521	1.00084	9.78889	0.9056	-0.477306	1.1906	-0.0123218	0.00998148	0.0978954	1	9.28433e-05	0.000191149	0.000355776	0.0185687	0.0382297	0.0711552	0	0	0	0	-0.105825	-0.330004	-0.906829	34.125	3	56255	5678528
641	-0.503133	1.08042	10.7304	-0.435331	-1.06415	2.18647	-0.00500945	0.0108368	0.107301	1	-0.000165966	0.000132248	0.000300814	-0.0331931	0.0264496	0.0601627	0	0	0	0	-0.108724	-0.329971	-0.90732	34.125	3	56259	5678928
642	-0.586648	-0.620982	10.3682	-1.27147	0.369765	2.0858	-0.00584399	-0.00620916	0.103683	1	-1.94247e-05	9.12335e-05	0.000287276	-0.00388494	0.0182467	0.0574553	0	0	0	0	-0.110353	-0.329824	-0.914885	34.125	3	56262	5679228
643	0.0706053	1.38688	9.70086	-0.272	-0.969337	0.953233	0.000687519	0.0138259	0.0970149	1	0.000223904	-4.20124e-05	0.000374881	0.0447807	-0.00840248	0.0749761	0	0	0	0	-0.112145	-0.32894	-0.908797	34.125	3	56265	5679528
644	-2.36443	-0.288146	7.5189	0.510537	1.71143	-1.01896	-0.0236479	-0.00289172	0.0751875	1	-1.19773e-05	-3.36122e-05	0.000254972	-0.00239547	-0.00672245	0.0509945	0	0	0	0	-0.111446	-0.329238	-0.919918	34.125	3	56268	5679828
645	-0.503957	-1.2116	10.8116	-1.75977	1.13121	1.86748	-0.00506367	-0.0121141	0.108116	1	-2.27143e-05	-0.000144011	0.000290757	-0.00454286	-0.0288022	0.0581514	0	0	0	0	-0.115707	-0.33118	-0.918426	34.125	3	56272	5680228
646	0.719169	-0.100373	11.811	-2.2015	-1.25036	3.40687	0.0072227	-0.000967825	0.118108	1	-0.000131748	0.000128519	0.000332178	-0.0263496	0.0257038	0.0664356	0	0	0	0	-0.113378	-0.325844	-0.917813	34.125	3	56275	5680528
647	1.76566	-0.529734	12.7627	-2.95839	-0.588676	3.36807	0.017606	-0.00529953	0.127634	1	4.85264e-05	-0.000210179	0.000288984	0.00970529	-0.0420359	0.0577968	0	0	0	0	-0.11573	-0.326826	-0.916309	34.125	3	56278	5680828
648	-0.555652	1.2253	9.84041	0.408246	-0.343751	0.513792	-0.00561096	0.0122552	0.0984007	1	-2.9053e-05	-0.000236323	0.000323323	-0.00581061	-0.0472646	0.0646646	0	0	0	0	-0.115264	-0.321519	-0.913163	34.125	3	56282	5681228
649	-2.55264	0.498786	8.63239	0.951944	1.47599	-0.0901358	-0.0254912	0.0049493	0.0863365	1	0.000108006	0.000226093	0.000390312	0.0216012	0.0452185	0.0780624	0	0	0	0	-0.119659	-0.320471	-0.915139	34.125	3	56285	5681528
650	-0.00944166	0.0178054	10.7623	-0.792526	-0.149305	1.76904	-0.000108725	0.000214092	0.107623	1	-0.000167738	-6.58755e-05	0.000328347	-0.0335476	-0.0131751	0.0656694	0	0	0	0	-0.119567	-0.312829	-0.905879	34.125	3	56288	5681828
651	-0.706587	-0.364144	9.28109	-0.724161	1.07338	0.171649	-0.00710137	-0.00368759	0.0928063	1	0.000220462	-0.000205831	0.000369142	0.0440924	-0.0411662	0.0738285	0	0	0	0	-0.124419	-0.311796	-0.906844	34.125	3	56292	5682228
652	-2.74443	-0.530805	7.23871	0.865229	2.69825	-1.7167	-0.0274405	-0.00534503	0.0723858	1	0.000125654	1.27309e-06	0.000342282	0.0251309	0.000254618	0.0684564	0	0	0	0	-0.128645	-0.309908	-0.901227	34.125	3	56295	5682528
653	-2.29878	-0.322198	7.91041	0.390941	1.90336	-0.848113	-0.0229915	-0.00324922	0.0791019	1	8.3046e-05	-3.58968e-05	0.000306816	0.0166092	-0.00717937	0.0613631	0	0	0	0	-0.131565	-0.309378	-0.902211	34.125	3	56298	5682828
654	-0.220489	-0.634321	10.43	-0.981445	0.362548	1.25409	-0.00224122	-0.00634722	0.104299	1	1.24467e-05	-0.000193574	0.000318895	0.00248934	-0.0387148	0.063779	0	0	0	0	-0.13684	-0.308864	-0.901165	34.125	3	56302	5683228
655	-1.78198	1.17082	8.89352	1.68886	-0.0478558	-0.27615	-0.0178313	0.0117249	0.0889307	1	-0.000166468	-1.6884e-05	0.000362271	-0.0332937	-0.0033768	0.0724542	0	0	0	0	-0.138715	-0.307439	-0.898095	34.125	3	56305	5683528
656	0.168037	0.077096	11.0934	-1.08896	-0.438958	2.01033	0.00169956	0.000701934	0.110934	1	0.000316605	8.88675e-05	0.0003606	0.0633209	0.0177735	0.0721201	0	0	0	0	-0.142475	-0.311327	-0.897154	34.125	3	56308	5683828
657	-2.12979	1.18736	9.41139	1.64255	0.24556	0.555312	-0.0212995	0.0118652	0.0941146	1	-2.19592e-05	2.86437e-05	0.000293388	-0.00439183	0.00572875	0.0586776	0	0	0	0	-0.140383	-0.314839	-0.892696	34.125	3	56312	5684228
658	0.403777	-0.908763	11.4322	-1.98886	0.668908	2.14027	0.0039781	-0.00911813	0.114322	1	0.000143908	-0.000284847	0.000300058	0.0287817	-0.0569693	0.0600116	0	0	0	0	-0.143398	-0.318094	-0.90033	34.125	3	56315	5684528
659	-0.212496	-1.3968	10.7998	-1.94796	1.0142	1.76238	-0.00210523	-0.0139838	0.107997	1	6.61696e-05	4.69033e-05	0.000343463	0.0132339	0.00938065	0.0686925	0	0	0	0	-0.140844	-0.316777	-0.893242	34.125	3	56318	5684828
660	-1.1506	-0.117288	8.94951	-0.725484	1.10123	0.0221484	-0.0115334	-0.00120874	0.0894911	1	0.000156623	-0.000157914	0.000339685	0.0313245	-0.0315828	0.067937	0	0	0	0	-0.137967	-0.320649	-0.896372	34.125	3	56322	5685228
661	-1.62616	-1.49769	9.80881	-1.23455	2.98515	0.511803	-0.01628	-0.0150197	0.0980785	1	0.000168832	-0.000139444	0.000297492	0.0337664	-0.0278887	0.0594984	0	0	0	0	-0.13971	-0.319801	-0.888264	34.125	3	56325	5685528
662	-1.66836	-0.293814	9.39292	0.0902202	1.41099	0.183504	-0.016716	-0.00292343	0.0939239	1	-0.000120794	-0.000179661	0.000238877	-0.0241588	-0.0359322	0.0477755	0	0	0	0	-0.138831	-0.322158	-0.893371	34.125	3	56328	5685828
663	-1.56945	0.172127	9.62918	0.262273	0.738229	0.836485	-0.0156703	0.00170358	0.0962961	1	7.78351e-05	0.000127008	8.62579e-05	0.015567	0.0254016	0.0172516	0	0	0	0	-0.136171	-0.325737	-0.885382	34.125	3	56332	5686228
664	0.446673	-0.132733	11.7703	-2.26647	-0.555098	3.23625	0.00448865	-0.0013454	0.117702	1	7.29044e-05	9.42665e-05	-0.000100743	0.0145809	0.0188533	-0.0201486	0	0	0	0	-0.133744	-0.323363	-0.882815	34.125	3	56335	5686528
665	0.869903	-1.47712	11.4718	-2.83757	0.39916	2.16914	0.00864517	-0.0148359	0.114713	1	0.000261727	-0.000199583	-0.000272333	0.0523455	-0.0399167	-0.0544665	0	0	0	0	-0.133695	-0.323399	-0.880796	34.125	3	56338	5686828
666	-2.10032	-0.402912	9.47787	-0.516378	0.797578	1.32209	-0.0209506	-0.00402996	0.0947904	1	0.000139602	0.00030359	-0.000610952	0.0279204	0.0607179	-0.122191	0	0	0	0	-0.130121	-0.322614	-0.871704	34.125	3	56342	5687228
667	-0.025418	0.91672	10.9406	-0.649534	-1.26709	2.03083	-0.000233816	0.00920094	0.109403	0.999999	-0.000151949	7.97854e-06	-0.00101361	-0.0303899	0.00159571	-0.202722	0	0	0	0	-0.132573	-0.32497	-0.87528	34.125	3	56345	5687528
668	-0.524157	-1.11771	9.59531	-1.49097	1.45631	0.640943	-0.00529606	-0.0111896	0.0959486	0.999999	0.000145111	-0.000114144	-0.0014571	0.0290222	-0.0228288	-0.29142	0	0	0	0	-0.12756	-0.324675	-0.866711	34.125	3	56348	5687828
669	-1.06525	1.22723	10.6845	0.214845	-0.446804	1.89809	-0.0105645	0.0123098	0.106849	0.999998	1.77117e-05	0.000187938	-0.00194431	0.00354233	0.0375876	-0.388862	0	0	0	0	-0.127055	-0.326142	-0.866745	34.125	3	56352	5688228
670	-0.429707	-0.65094	10.3001	-1.35661	0.347003	1.5161	-0.00430971	-0.0065033	0.103001	0.999997	7.16734e-05	9.17637e-05	-0.0024234	0.0143347	0.0183528	-0.484681	0	0	0	0	-0.122959	-0.3278	-0.85771	34.125	3	56355	5688528
671	2.78499	-0.332189	13.9718	1.18817	-8.05667	4.87603	0.0276965	-0.00347691	0.139745	0.999997	6.11946e-05	-0.00048849	-0.00248293	0.0122389	-0.097698	-0.496587	0	0	0	0	-0.12062	-0.329699	-0.861804	34.125	3	56358	5688828
672	-1.14795	-0.627608	10.075	0.212949	-0.733987	1.9469	-0.0114586	-0.00632182	0.10075	0.999994	0.00062784	0.000324082	-0.00352159	0.125568	0.0648166	-0.70432	0	0	0	0	-0.114072	-0.338639	-0.855972	34.125	3	56362	5689228
673	-0.146895	-0.620958	10.4514	-1.40537	-0.874748	1.82544	-0.00147524	-0.00626133	0.104511	0.999995	0.000291161	0.000154455	-0.00309322	0.0582323	0.030891	-0.618644	0	0	0	0	-0.106321	-0.339705	-0.854516	34.125	3	56365	5689528
674	0.545445	-0.3644	10.9996	-1.46352	0.0362435	1.53037	0.00543498	-0.00373266	0.109994	0.999995	0.000255819	1.12087e-05	-0.00297391	0.0511639	0.00224174	-0.594783	0	0	0	0	-0.0980711	-0.348499	-0.85778	34.125	3	56369	5689928
675	-0.263391	-2.32506	10.2111	-1.15449	2.02065	0.416767	-0.00279217	-0.0232873	0.102099	0.999996	0.000257029	-0.000112593	-0.00290676	0.0514059	-0.0225187	-0.581353	0	0	0	0	-0.0907067	-0.350113	-0.852799	34.125	3	56372	5690228
676	-1.44002	-0.594638	10.4126	0.167035	1.26338	1.04638	-0.0144514	-0.00596873	0.104117	0.999995	0.000533339	-6.99985e-05	-0.00307483	0.106668	-0.0139997	-0.614968	0	0	0	0	-0.0848507	-0.361786	-0.857631	34.125	3	56375	5690528
677	-1.67625	-1.42209	8.30531	-0.384473	2.40127	-0.730231	-0.0168591	-0.0141947	0.0830381	0.999995	0.000491711	-3.23848e-05	-0.00320875	0.0983424	-0.00647697	-0.641751	0	0	0	0	-0.0755652	-0.361004	-0.851091	34.125	3	56378	5690828
678	-1.41601	-2.26814	9.11248	-1.55101	2.93095	0.386573	-0.0142964	-0.022689	0.0911016	0.999995	0.000550399	6.27545e-05	-0.00325694	0.11008	0.0125509	-0.65139	0	0	0	0	-0.0659328	-0.368319	-0.855844	34.125	3	56382	5691228
679	-0.805482	-0.591703	9.78694	-0.94822	0.838185	1.18558	-0.0081001	-0.00593263	0.0978647	0.999994	0.000351814	-3.1728e-05	-0.00329731	0.0703629	-0.00634562	-0.659464	0	0	0	0	-0.0573575	-0.376868	-0.845467	34.125	3	56385	5691528
680	-0.432381	-2.63574	10.1619	-2.78706	2.78411	1.02361	-0.00449055	-0.0264391	0.10159	0.999994	0.000548222	5.53147e-05	-0.00337102	0.109645	0.011063	-0.674204	0	0	0	0	-0.0482832	-0.380269	-0.850635	34.125	3	56388	5691828
681	-1.45359	0.957683	9.12929	1.05562	-0.0327698	-0.135445	-0.0144463	0.00962418	0.0913022	0.999994	0.000264291	0.000143757	-0.00329874	0.0528583	0.0287515	-0.659748	0	0	0	0	-0.0383998	-0.387286	-0.844776	34.125	3	56392	5692228
682	-1.37718	-2.01239	9.60674	-0.775541	2.62686	0.411642	-0.0138833	-0.0200841	0.0960598	0.999995	0.000261446	0.000101749	-0.00325742	0.0522892	0.0203499	-0.651485	0	0	0	0	-0.0258609	-0.384038	-0.841226	34.125	3	56395	5692528
683	-1.81354	-0.911	9.09092	-0.511208	1.78852	0.806187	-0.0181624	-0.00905772	0.0909091	0.999995	0.000350983	0.000170874	-0.00319858	0.0701968	0.0341748	-0.639717	0	0	0	0	-0.0166024	-0.390464	-0.840907	34.125	3	56399	5692928
684	1.02675	-2.2052	12.5326	-4.444	1.53398	4.00573	0.0102157	-0.0222249	0.1253	0.999995	0.00043395	0.000345893	-0.00312654	0.0867902	0.0691786	-0.625309	0	0	0	0	-0.00579198	-0.391681	-0.832398	34.125	3	56402	5693228
685	-0.534712	0.449279	11.2846	-0.210537	-0.362703	1.77985	-0.00536031	0.00441928	0.112848	0.999995	0.00047621	-0.000183673	-0.00317223	0.0952422	-0.0367347	-0.634447	0	0	0	0	-0.00147091	-0.39412	-0.834492	34.125	3	56405	5693528
686	0.428405	-0.962052	11.4841	-2.01813	1.39649	2.25137	0.00421209	-0.0097595	0.114832	0.999995	0.000484648	-3.85389e-05	-0.00325653	0.0969298	-0.0077078	-0.651307	0	0	0	0	0.0103312	-0.393439	-0.82342	34.125	3	56408	5693828
687	-1.6663	-1.10916	8.92512	-0.117676	2.11548	0.235871	-0.0167265	-0.0110722	0.0892418	0.999995	0.000498998	4.7804e-05	-0.00324777	0.0997998	0.00956082	-0.649555	0	0	0	0	0.0184485	-0.393462	-0.825983	34.125	3	56412	5694228
688	-0.945572	-0.434895	9.79825	-1.28196	1.65785	1.17713	-0.00948325	-0.00440207	0.0979775	0.999995	0.000578078	1.35005e-06	-0.00317665	0.115616	0.000270011	-0.635331	0	0	0	0	0.0264049	-0.39516	-0.816462	34.125	3	56415	5694528
689	-0.96935	-2.02057	8.90528	-1.20819	2.0362	-0.0898652	-0.00987131	-0.0202043	0.0890336	0.999995	0.000338292	-0.000283772	-0.00314967	0.0676586	-0.0567546	-0.629936	0	0	0	0	0.0354807	-0.394225	-0.818503	34.125	3	56418	5694828
690	-0.577849	0.349522	10.3975	-0.730076	0.617842	1.64938	-0.00571729	0.00339698	0.103982	0.999995	0.000648061	0.000189015	-0.00317726	0.129612	0.037803	-0.635453	0	0	0	0	0.0424332	-0.397812	-0.812049	34.125	3	56422	5695228
691	-2.46711	-0.131957	8.9769	1.40714	0.994973	-0.172205	-0.0246868	-0.00123421	0.0897659	0.999995	0.000403298	-4.21807e-05	-0.00319632	0.0806597	-0.00843616	-0.639265	0	0	0	0	0.052567	-0.3931	-0.807446	34.125	3	56425	5695528
692	-1.26316	-1.23664	8.67357	-0.407404	2.17149	-0.0917484	-0.0127341	-0.012343	0.086724	0.999995	0.000342649	-0.000125318	-0.00326638	0.0685298	-0.0250637	-0.653278	0	0	0	0	0.0579362	-0.397055	-0.807053	34.125	3	56428	5695828
693	-0.527816	-1.11475	9.87961	-0.732585	1.74753	0.569812	-0.00534938	-0.0111775	0.0987889	0.999995	0.000323688	4.40263e-07	-0.00319387	0.0647377	8.80526e-05	-0.638775	0	0	0	0	0.0676097	-0.39139	-0.800911	34.125	3	56432	5696228
694	-0.0345957	-0.231343	9.00563	-0.515555	0.360309	-0.278948	-0.000406649	-0.00232033	0.0900559	0.999995	5.16715e-05	-0.000254679	-0.00319839	0.0103343	-0.0509359	-0.639679	0	0	0	0	0.0724484	-0.395305	-0.802536	34.125	3	56435	5696528
695	-1.95654	-0.117175	9.97911	0.798621	0.942549	1.05914	-0.0195453	-0.00113504	0.0997955	0.999995	0.000444516	0.000137649	-0.00320688	0.0889033	0.0275298	-0.641378	0	0	0	0	0.0816038	-0.389609	-0.797906	34.125	3	56438	5696828
696	-0.932237	-0.639625	9.42668	-0.350559	1.32956	0.514856	-0.00937128	-0.0064018	0.0942615	0.999995	0.00035225	-3.84106e-05	-0.00325557	0.0704502	-0.00768213	-0.651115	0	0	0	0	0.092133	-0.395921	-0.804661	34.125	3	56442	5697228
697	0.462279	-2.02305	10.3819	-1.96742	2.22092	1.35991	0.00447826	-0.0203184	0.103808	0.999995	0.000284336	-7.54422e-05	-0.00317807	0.0568673	-0.0150885	-0.635615	0	0	0	0	0.0961826	-0.398509	-0.798171	34.125	3	56445	5697528
698	-0.897547	-0.0172886	9.74387	-0.052818	0.400565	0.772491	-0.00897133	-0.00013013	0.0974392	0.999995	7.20401e-05	2.62175e-05	-0.00316463	0.014408	0.00524351	-0.632928	0	0	0	0	0.109695	-0.399614	-0.797248	34.125	3	56449	5697928
699	-1.67849	-1.24798	8.99549	0.0160874	2.32525	0.323111	-0.0168389	-0.0124649	0.0899469	0.999995	0.000503436	0.000135106	-0.00313745	0.100687	0.0270213	-0.627491	0	0	0	0	0.117938	-0.40503	-0.798416	34.125	3	56452	5698228
700	-1.51846	-2.40426	10.5039	-0.232808	3.40753	1.65256	-0.0153103	-0.0240469	0.10502	0.999995	0.000457606	9.04718e-05	-0.00301027	0.0915213	0.0180944	-0.602054	0	0	0	0	0.128963	-0.402683	-0.798415	34.125	3	56455	5698528
701	-0.335825	0.220663	10.299	-0.831143	0.606178	1.20726	-0.00338524	0.00215037	0.10299	0.999995	0.000374046	-0.000196229	-0.00308278	0.0748093	-0.0392459	-0.616558	0	0	0	0	0.140068	-0.408104	-0.800607	34.125	3	56458	5698828
702	-0.54664	-0.866579	9.18591	0.0025207	1.32014	-0.101734	-0.00555314	-0.00872043	0.0918487	0.999995	0.000482085	-0.000180821	-0.003078	0.0964172	-0.0361642	-0.615601	0	0	0	0	0.149313	-0.404883	-0.794012	34.125	3	56462	5699228
703	-0.377148	-0.268344	10.5526	-1.24599	0.832367	1.85183	-0.00376773	-0.00272729	0.105525	0.999995	0.000316888	9.60454e-05	-0.00305442	0.0633776	0.0192091	-0.610886	0	0	0	0	0.158881	-0.408296	-0.798678	34.125	3	56465	5699528
704	-1.16153	-1.09631	9.63583	-0.22812	1.8073	0.611274	-0.011677	-0.0109333	0.0963543	0.999995	0.000222931	3.45065e-05	-0.00312258	0.0445862	0.00690132	-0.624518	0	0	0	0	0.171037	-0.406562	-0.79213	34.125	3	56469	5699928
705	-1.98429	-0.369454	9.20396	0.81466	0.629844	0.291547	-0.0198442	-0.00361929	0.0920422	0.999995	0.000269173	0.000117548	-0.00314455	0.0538348	0.0235097	-0.628911	0	0	0	0	0.183424	-0.403686	-0.795153	34.125	3	56472	5700228
706	-0.0949992	-1.10134	10.0809	-0.922204	1.49471	0.811492	-0.00103571	-0.0110812	0.1008	0.999995	0.000367308	-7.94528e-05	-0.00315473	0.0734616	-0.0158906	-0.630947	0	0	0	0	0.192294	-0.403911	-0.786613	34.125	3	56475	5700528
707	-1.09825	0.14952	8.97557	0.259005	0.0522629	-0.142985	-0.0109802	0.00149612	0.089756	0.999995	0.000377749	-3.95555e-05	-0.00312942	0.07555	-0.00791112	-0.625886	0	0	0	0	0.199425	-0.402463	-0.789139	34.125	3	56478	5700828
708	0.369507	-1.20108	10.7734	-2.03035	2.07088	1.82168	0.00362873	-0.0120864	0.107728	0.999995	0.000243301	4.49906e-05	-0.00315534	0.0486603	0.00899813	-0.63107	0	0	0	0	0.213456	-0.399263	-0.783577	34.125	3	56482	5701228
709	-0.316009	0.165816	10.1787	-0.634873	0.416589	1.24821	-0.00314762	0.00165768	0.101788	0.999995	0.000100747	9.49304e-06	-0.00317626	0.0201495	0.00189861	-0.635254	0	0	0	0	0.223517	-0.391606	-0.779918	34.125	3	56485	5701528
710	-0.610709	-0.0876835	10.1528	-0.332544	0.716079	1.21451	-0.00612908	-0.000873615	0.101527	0.999995	0.000169983	-8.16812e-05	-0.00308394	0.0339966	-0.0163363	-0.616789	0	0	0	0	0.234533	-0.393107	-0.783033	34.125	3	56488	5701828
711	-0.65473	-1.09391	8.97214	-0.573179	1.9386	0.202763	-0.00658247	-0.0109509	0.0897174	0.999995	0.000292201	0.000181395	-0.00309371	0.0584403	0.0362791	-0.618744	0	0	0	0	0.247095	-0.381685	-0.772736	34.125	3	56492	5702228
712	-0.201574	-2.61242	9.85119	-0.840616	3.46294	0.888436	-0.00218655	-0.0261452	0.0985027	0.999995	0.000171607	-5.81392e-05	-0.00304866	0.0343215	-0.0116279	-0.609732	0	0	0	0	0.260393	-0.381671	-0.779868	34.125	3	56495	5702528
713	-1.36876	-0.465383	10.6505	0.305667	0.572838	1.64163	-0.0136982	-0.0045827	0.106506	0.999995	6.19456e-05	8.36079e-05	-0.0030794	0.0123891	0.0167216	-0.61588	0	0	0	0	0.270116	-0.376042	-0.771706	34.125	3	56498	5702828
714	-0.934532	-0.823615	8.32019	-0.104241	1.73272	-0.320558	-0.009413	-0.00820679	0.0831972	0.999995	0.000168261	-0.000104587	-0.00305782	0.0336523	-0.0209174	-0.611566	0	0	0	0	0.281504	-0.371685	-0.775198	34.125	3	56502	5703228
715	-0.767028	-1.63423	9.16592	-0.0079773	2.10287	0.486981	-0.00778984	-0.0163188	0.0916533	0.999995	0.000127699	-0.00011079	-0.0030385	0.0255398	-0.0221581	-0.607702	0	0	0	0	0.288795	-0.370354	-0.771161	34.125	3	56505	5703528
716	-0.328485	-1.15444	10.098	-0.586171	1.8677	0.85973	-0.00338662	-0.0115545	0.100976	0.999995	0.000150533	-0.000155958	-0.00304239	0.0301067	-0.0311917	-0.60848	0	0	0	0	0.29973	-0.369868	-0.776251	34.125	3	56508	5703828
717	-0.849087	0.00846913	9.43099	0.00282856	0.767064	0.160231	-0.00847785	8.32719e-05	0.094311	0.999995	0.000285569	6.62738e-05	-0.00309068	0.0571139	0.0132548	-0.618137	0	0	0	0	0.312675	-0.369461	-0.777817	34.125	3	56512	5704228
718	-2.56124	-0.497226	8.07941	1.90741	0.958429	-0.74795	-0.0256425	-0.00487468	0.0807905	0.999995	0.000381762	3.54194e-06	-0.00310728	0.0763525	0.00070839	-0.621457	0	0	0	0	0.325564	-0.362749	-0.777223	34.125	3	56515	5704528
719	-1.0925	-2.2223	9.63134	0.0574138	3.08798	0.649776	-0.0110406	-0.022231	0.0962984	0.999995	0.000395399	0.000116646	-0.00310482	0.0790799	0.0233291	-0.620965	0	0	0	0	0.337081	-0.367642	-0.78193	34.125	3	56518	5704828
720	-0.840308	0.0980444	9.97157	-0.071349	0.475661	0.965189	-0.00840196	0.000967854	0.0997159	0.999995	0.000325232	-2.48104e-05	-0.00311048	0.0650466	-0.00496208	-0.622097	0	0	0	0	0.351031	-0.36101	-0.777301	34.125	3	56522	5705228
721	-1.36088	-1.00346	9.50591	0.417889	1.48195	0.323939	-0.0136542	-0.00997975	0.0950584	0.999995	0.000164103	9.32492e-05	-0.00315499	0.0328207	0.0186499	-0.631	0	0	0	0	0.368553	-0.359027	-0.787439	34.125	3	56525	5705528
722	-1.8714	-1.49908	8.55973	1.03138	1.72702	-0.285814	-0.0188078	-0.0149216	0.0855888	0.999995	0.000263701	-1.52179e-05	-0.00304762	0.0527402	-0.00304359	-0.609525	0	0	0	0	0.379591	-0.356689	-0.786933	34.125	3	56528	5705828
723	-1.33484	-0.716839	9.79954	0.282927	1.11852	0.578489	-0.0133836	-0.0071347	0.097993	0.999995	0.000247131	4.46688e-05	-0.00307229	0.0494262	0.00893377	-0.614458	0	0	0	0	0.399442	-0.35226	-0.798543	34.125	3	56532	5706228
724	-1.35812	-1.20984	8.30921	0.752867	1.56339	-0.736457	-0.0136534	-0.0120607	0.0830858	0.999995	0.00026496	1.91583e-06	-0.00300425	0.0529922	0.000383167	-0.600851	0	0	0	0	0.41238	-0.348475	-0.798013	34.125	3	56535	5706528
725	-1.7415	-2.11541	9.25897	1.69706	2.79243	0.370121	-0.0175493	-0.021172	0.0925602	0.999995	0.000656131	-4.81331e-05	-0.00296288	0.131226	-0.00962664	-0.592577	0	0	0	0	0.425503	-0.343032	-0.808559	34.125	3	56538	5706828
726	-1.12781	0.934115	8.91697	0.276252	-0.802112	-0.328343	-0.0112291	0.00934064	0.0891759	0.999996	0.000377775	-3.69958e-05	-0.0029709	0.075555	-0.00739918	-0.594182	0	0	0	0	0.446476	-0.338728	-0.813611	34.125	3	56542	5707228
727	-1.00533	0.323829	9.20501	0.0261154	-0.0300224	0.0322971	-0.0100747	0.00327539	0.0920465	0.999995	0.000137693	-0.000226159	-0.00310228	0.0275386	-0.0452318	-0.620458	0	0	0	0	0.459618	-0.327034	-0.818968	34.125	3	56545	5707528
728	-0.203503	-2.0474	10.2816	-0.0419101	3.11672	1.22393	-0.00217034	-0.0205317	0.102802	0.999995	0.000343555	-4.53882e-05	-0.0030723	0.0687111	-0.00907766	-0.61446	0	0	0	0	0.474238	-0.322606	-0.828028	34.125	3	56548	5707828
729	0.299155	0.508804	10.9508	-1.50537	0.702259	1.75844	0.00301211	0.00501908	0.10951	0.999995	0.000232099	-4.54312e-05	-0.00301946	0.04642	-0.00908626	-0.603894	0	0	0	0	0.48882	-0.308512	-0.831822	34.125	3	56552	5708228
730	0.101027	-1.42538	11.4811	-0.612463	3.33022	2.28203	0.000977094	-0.0143438	0.1148	0.999995	0.000365541	0.000235543	-0.00305135	0.0731082	0.0471088	-0.610271	0	0	0	0	0.506073	-0.299104	-0.847855	34.125	3	56555	5708528
731	-1.38974	-0.255922	9.61254	0.0908201	0.793721	0.591255	-0.0139113	-0.00254281	0.0961238	0.999995	0.000344703	6.77608e-06	-0.00297315	0.0689407	0.00135522	-0.59463	0	0	0	0	0.521996	-0.285429	-0.85621	34.125	3	56559	5708928
732	-1.94669	-0.218988	8.27991	0.747781	0.166353	-0.435417	-0.0194711	-0.00209147	0.0828006	0.999995	0.000122302	5.38077e-05	-0.00304732	0.0244605	0.0107616	-0.609465	0	0	0	0	0.532086	-0.274073	-0.868631	34.125	3	56562	5709228
733	-2.65978	-0.992377	8.22824	2.03063	0.945827	-0.489697	-0.0266921	-0.00978591	0.0822684	0.999995	0.000155295	-0.000205272	-0.00306655	0.0310591	-0.0410545	-0.61331	0	0	0	0	0.542333	-0.261868	-0.873963	34.125	3	56565	5709528
734	0.550126	-1.4594	10.2831	-0.915111	3.03949	1.12562	0.00541961	-0.0146724	0.102825	0.999995	0.000221746	3.01103e-05	-0.00300138	0.0443492	0.00602207	-0.600276	0	0	0	0	0.55043	-0.248518	-0.887845	34.125	3	56568	5709828
735	-1.81238	-1.24253	8.82192	1.52989	0.964447	-0.434558	-0.0182088	-0.0123826	0.0882077	0.999996	0.000355775	-7.35703e-05	-0.00290238	0.071155	-0.0147141	-0.580476	0	0	0	0	0.561401	-0.236628	-0.903288	34.125	3	56572	5710228
736	-1.9694	-0.811717	7.86536	1.62364	0.499753	-0.972747	-0.0197238	-0.00804255	0.0786538	0.999996	0.000276297	0.000118399	-0.0029957	0.0552596	0.0236798	-0.599141	0	0	0	0	0.565292	-0.217551	-0.907933	34.125	3	56575	5710528
737	-1.89156	-0.798147	9.24144	1.22952	1.40073	0.750355	-0.018925	-0.00794116	0.0924159	0.999996	0.000386982	0.000203644	-0.00295538	0.0773966	0.0407289	-0.591078	0	0	0	0	0.571965	-0.207576	-0.923399	34.125	3	56578	5710828
738	-1.47977	0.0408845	9.73292	0.0762153	0.561279	1.03151	-0.0148259	0.000416566	0.0973249	0.999996	0.000409258	-0.000156918	-0.00294983	0.0818518	-0.0313837	-0.589967	0	0	0	0	0.575803	-0.190386	-0.93162	34.125	3	56582	5711228
739	-0.850344	-1.45443	9.0751	0.880106	2.21515	0.258938	-0.00860486	-0.0145826	0.0907353	0.999995	0.000488866	-8.50243e-05	-0.00295218	0.0977733	-0.0170049	-0.590436	0	0	0	0	0.57762	-0.179857	-0.948567	34.125	3	56585	5711528
740	-0.464359	-0.540996	9.85338	-0.325551	1.41749	1.03954	-0.00472036	-0.00544047	0.0985285	0.999996	0.000294062	-0.000228201	-0.00293043	0.0588126	-0.0456402	-0.586087	0	0	0	0	0.577349	-0.165684	-0.949766	34.125	3	56588	5711828
741	-1.92314	-2.01307	8.49082	2.53924	1.43785	-0.354715	-0.0193681	-0.0200906	0.0848867	0.999996	0.000424428	-0.000116738	-0.0029053	0.0848857	-0.0233477	-0.58106	0	0	0	0	0.57797	-0.15064	-0.973172	34.125	3	56592	5712228
742	-1.53318	-0.0514103	9.55318	-0.143222	0.777842	1.08494	-0.0152949	-0.000504754	0.0955378	0.999995	0.000416732	0.000208644	-0.00290512	0.0833466	0.0417289	-0.581024	0	0	0	0	0.577624	-0.139304	-0.979484	34.125	3	56595	5712528
743	0.0749212	-1.19039	10.105	0.0892292	1.99396	1.11758	0.000667281	-0.0119424	0.101046	0.999996	0.000170607	-6.68123e-05	-0.00286953	0.0341215	-0.0133625	-0.573907	0	0	0	0	0.578471	-0.126833	-0.995373	34.125	3	56598	5712828
744	-0.440126	-1.43139	10.0847	0.513418	2.39628	1.50252	-0.00448372	-0.0143508	0.100838	0.999996	0.000311806	7.13824e-06	-0.00292699	0.0623612	0.00142765	-0.585398	0	0	0	0	0.577607	-0.115466	-1.0032	34.125	3	56602	5713228
745	-0.747236	-0.464264	9.81252	-0.187328	1.03886	0.703678	-0.00752344	-0.00461573	0.0981226	0.999996	8.57749e-05	-0.000122642	-0.00291746	0.017155	-0.0245283	-0.583493	0	0	0	0	0.57192	-0.101159	-1.00942	34.125	3	56605	5713528
746	-1.20368	-0.560982	9.47505	0.507267	0.792062	0.672523	-0.012063	-0.00558387	0.0947487	0.999996	0.000240047	3.7113e-05	-0.00296454	0.0480095	0.00742262	-0.592909	0	0	0	0	0.574375	-0.0897845	-1.01928	34.125	3	56608	5713828
747	-0.0374392	-0.96078	10.4804	-0.176675	1.97459	1.57883	-0.000433632	-0.00966006	0.104799	0.999996	0.000260696	-1.14029e-05	-0.00295054	0.0521392	-0.00228058	-0.590108	0	0	0	0	0.569174	-0.0721126	-1.0229	34.125	3	56612	5714228
748	-1.16409	-0.607069	8.96959	0.569619	0.349004	0.0944283	-0.0117174	-0.00600068	0.0896907	0.999996	-3.04203e-06	-0.000225953	-0.00297378	-0.000608408	-0.0451906	-0.594756	0	0	0	0	0.569153	-0.0601848	-1.03526	34.125	3	56615	5714528
749	-1.40649	-0.836725	9.83225	1.0886	1.58344	1.18141	-0.0140692	-0.0084223	0.0983172	0.999995	0.000702344	0.00023022	-0.00295228	0.140469	0.046044	-0.590457	0	0	0	0	0.561299	-0.0469961	-1.03241	34.125	3	56618	5714828
750	-1.08544	-0.0925736	9.22035	-0.106076	0.282706	0.175928	-0.0108451	-0.000879085	0.0922051	0.999995	9.83916e-05	7.96392e-05	-0.00298605	0.0196783	0.0159279	-0.597211	0	0	0	0	0.561276	-0.0297659	-1.04112	34.125	3	56622	5715228
751	-0.528331	-0.400488	9.79465	0.2647	0.95636	0.708954	-0.00532912	-0.0040421	0.0979425	0.999996	0.000349315	-0.000113032	-0.00294061	0.0698631	-0.0226064	-0.588122	0	0	0	0	0.552557	-0.0195319	-1.0363	34.125	3	56625	5715528
752	-1.34086	-0.908681	9.42938	0.828948	1.47933	0.800129	-0.0134784	-0.00907784	0.0942847	0.999996	0.000375601	-8.3746e-05	-0.00296803	0.0751203	-0.0167492	-0.593607	0	0	0	0	0.547861	-0.00766317	-1.04309	34.125	3	56628	5715828
753	-1.26444	0.131764	9.57496	-0.123198	0.617181	1.0564	-0.0126543	0.00133113	0.0957481	0.999996	0.000315269	-9.16281e-05	-0.00291945	0.0630539	-0.0183256	-0.583892	0	0	0	0	0.53858	0.00745255	-1.03816	34.125	3	56632	5716228
754	-0.873372	-1.61113	9.33331	1.29967	2.25733	0.890021	-0.00876941	-0.0161678	0.09332	0.999996	0.00057563	0.000312362	-0.00291176	0.115126	0.0624724	-0.582353	0	0	0	0	0.533151	0.0172339	-1.03691	34.125	3	56635	5716528
755	-0.741277	-0.638383	10.6819	0.666132	1.39018	1.8384	-0.00745581	-0.00639179	0.106815	0.999995	0.00024475	-2.31978e-05	-0.00298088	0.0489501	-0.00463956	-0.596177	0	0	0	0	0.527237	0.0279858	-1.03513	34.125	3	56638	5716828
756	-1.8104	-0.25339	8.4727	0.922186	-0.312565	-0.166042	-0.0181159	-0.00245924	0.0847267	0.999995	0.000218071	2.04839e-05	-0.00308179	0.0436142	0.00409678	-0.61636	0	0	0	0	0.516156	0.0430274	-1.02515	34.125	3	56642	5717228
757	-1.11291	-1.12447	9.99105	0.610599	1.80157	1.28018	-0.011169	-0.0112473	0.0999058	0.999995	0.000348862	0.000139048	-0.00301004	0.0697725	0.0278096	-0.602009	0	0	0	0	0.512556	0.0518983	-1.02847	34.125	3	56645	5717528
758	-0.100576	-2.14217	9.67452	1.51711	2.38	0.79993	-0.0011685	-0.0214688	0.0967329	0.999996	0.000276215	-0.000185833	-0.00295614	0.0552431	-0.0371667	-0.591228	0	0	0	0	0.503122	0.0605147	-1.0146	34.125	3	56648	5717828
759	0.102033	-0.280753	10.9193	0.0160645	1.50871	1.97162	0.001003	-0.00289431	0.109191	0.999995	0.000369769	-1.55679e-06	-0.0029796	0.073954	-0.000311358	-0.59592	0	0	0	0	0.492853	0.0727659	-1.01276	34.125	3	56652	5718228
760	-0.0514874	-1.82383	10.8191	1.33668	2.6886	1.94509	-0.000652029	-0.018315	0.108177	0.999995	0.000371101	-0.000117889	-0.00305435	0.0742203	-0.0235778	-0.61087	0	0	0	0	0.485725	0.0785439	-1.00503	34.125	3	56655	5718528
761	0.00813787	-1.55645	10.165	0.699302	1.62575	0.677438	-3.86331e-05	-0.0155961	0.101646	0.999995	0.000154427	-0.000120662	-0.00306416	0.0308855	-0.0241325	-0.612833	0	0	0	0	0.481287	0.0873327	-1.0033	34.125	3	56658	5718828
762	0.505479	-1.72794	9.786	1.43628	2.87079	1.11137	0.00494604	-0.0174208	0.0978405	0.999995	0.000566664	-1.50564e-05	-0.00304908	0.113333	-0.00301128	-0.609816	0	0	0	0	0.472316	0.0940302	-0.991489	34.125	3	56662	5719228
763	-0.0796787	-1.6345	9.94466	0.808596	2.19383	1.47651	-0.000879995	-0.0163696	0.0994418	0.999995	0.000148695	7.32077e-05	-0.00298851	0.0297391	0.0146416	-0.597703	0	0	0	0	0.463687	0.101789	-0.984711	34.125	3	56665	5719528
764	-0.675795	-1.59347	10.5518	1.22959	1.70256	1.61743	-0.00682489	-0.015932	0.105514	0.999995	0.000178927	0.000132919	-0.00298076	0.0357855	0.0265839	-0.596152	0	0	0	0	0.461262	0.105197	-0.983109	34.125	3	56668	5719828
765	-1.33221	-1.75906	10.0153	2.16776	1.59938	1.41768	-0.0134058	-0.0176042	0.100139	0.999995	0.000472318	0.000115093	-0.00303359	0.0944637	0.0230186	-0.606718	0	0	0	0	0.451329	0.110457	-0.97234	34.125	3	56672	5720228
766	1.02521	-1.24223	9.73865	0.533203	2.75183	0.919553	0.0101305	-0.0125361	0.0973846	0.999996	0.000271765	-0.000241735	-0.00298651	0.0543532	-0.0483471	-0.597303	0	0	0	0	0.454562	0.114864	-0.974782	34.125	3	56675	5720528
767	0.0140362	-0.542656	10.3532	0.140964	1.6479	1.2644	9.34303e-05	-0.00547018	0.103529	0.999996	0.00020733	-7.0786e-05	-0.00296184	0.0414661	-0.0141572	-0.592369	0	0	0	0	0.447601	0.117146	-0.962578	34.125	3	56678	5720828
768	-0.562464	-0.761888	9.99157	0.689162	1.77193	1.66475	-0.00567695	-0.00766008	0.0999096	0.999995	0.000376664	-3.12995e-05	-0.00301451	0.075333	-0.0062599	-0.602903	0	0	0	0	0.447578	0.120055	-0.961503	34.125	3	56682	5721228
769	0.611249	-2.25048	11.8165	1.44952	3.3121	3.00168	0.00600461	-0.0226118	0.118151	0.999995	0.000296636	0.000124915	-0.00304536	0.0593273	0.024983	-0.609074	0	0	0	0	0.447795	0.119414	-0.952932	34.125	3	56685	5721528
770	0.0270676	-0.226471	10.6062	-0.276882	1.68548	1.5151	0.0002771	-0.00232904	0.106061	0.999996	0.000295664	9.43471e-05	-0.00295821	0.0591328	0.0188695	-0.591643	0	0	0	0	0.445684	0.126313	-0.955799	34.125	3	56688	5721828
771	-1.23531	-2.35845	10.0648	2.50278	1.6315	1.46525	-0.0124631	-0.0235961	0.100632	0.999995	0.000430123	0.000161577	-0.00302137	0.0860248	0.0323155	-0.604274	0	0	0	0	0.45108	0.128121	-0.950228	34.125	3	56692	5722228
772	0.738376	-1.95941	11.5561	1.51552	2.9906	2.40983	0.00727368	-0.0197291	0.115545	0.999995	0.000397167	2.50788e-05	-0.00294673	0.0794336	0.00501576	-0.589347	0	0	0	0	0.447741	0.130055	-0.947645	34.125	3	56695	5722528
773	0.0924112	-0.560137	10.4735	0.0827633	1.55165	1.6188	0.000885619	-0.0056579	0.104732	0.999995	0.000243657	-2.0632e-05	-0.00303492	0.0487316	-0.0041264	-0.606986	0	0	0	0	0.452652	0.131388	-0.942587	34.125	3	56698	5722828
774	-1.62562	-2.06656	8.70305	2.607	0.822919	0.329038	-0.0163523	-0.0206164	0.0870242	0.999995	0.000276168	0.000155437	-0.00298277	0.0552336	0.0310875	-0.596554	0	0	0	0	0.448891	0.138583	-0.933824	34.125	3	56702	5723228
775	-0.114744	-1.17988	9.76604	1.16307	1.08028	0.782869	-0.0012265	-0.0118268	0.0976561	0.999995	0.000180533	-3.31504e-05	-0.00307203	0.0361067	-0.00663008	-0.614407	0	0	0	0	0.455011	0.142966	-0.93628	34.125	3	56705	5723528
776	-0.374089	-1.03535	10.3135	0.721937	1.34881	0.927823	-0.00378975	-0.0103568	0.103133	0.999995	0.000127509	6.9901e-05	-0.00305528	0.0255019	0.0139802	-0.611058	0	0	0	0	0.452682	0.148713	-0.92907	34.125	3	56708	5723828
777	-1.30884	-2.12006	10.2642	2.26072	0.611657	1.07043	-0.0132259	-0.0211886	0.102626	0.999995	0.000328617	-4.66653e-05	-0.00301794	0.0657235	-0.00933307	-0.603589	0	0	0	0	0.454982	0.153589	-0.929983	34.125	3	56712	5724228
778	0.14894	-1.54955	10.5961	1.60858	2.05692	1.79522	0.00141361	-0.0155735	0.105951	0.999996	0.000327448	8.18972e-05	-0.00299789	0.0654898	0.0163795	-0.599578	0	0	0	0	0.457422	0.158844	-0.924827	34.125	3	56715	5724528
779	-1.44088	0.810351	9.12069	-0.920138	-0.598722	0.0723166	-0.0143941	0.008142	0.0912058	0.999995	0.000261725	-0.000186152	-0.00299384	0.0523451	-0.0372304	-0.598768	0	0	0	0	0.455331	0.166691	-0.926158	34.125	3	56718	5724828
780	-2.43161	-1.3853	8.84829	1.74554	-0.715615	0.479398	-0.0243758	-0.0137362	0.0884846	0.999995	0.000184717	0.000141329	-0.00307012	0.0369435	0.0282659	-0.614025	0	0	0	0	0.458657	0.174405	-0.922466	34.125	3	56722	5725228
778	0.319855	0.0875186	10.8714	-0.386018	2.26582	2.13963	0.00325121	0.000810372	0.108713	0.999995	0.000207741	0.000218621	-0.00304593	0.0415483	0.0437243	-0.609186	0	0	0	0	0.456166	0.180269	-0.921819	34.125	3	56725	5725528
782	0.449276	-0.718903	10.285	0.673547	1.71714	1.21522	0.00442099	-0.00722287	0.102851	0.999995	3.23442e-05	-0.000135249	-0.00304984	0.00646885	-0.0270498	-0.609968	0	0	0	0	0.458468	0.188035	-0.920647	34.125	3	56728	5725828
783	-0.367407	-1.57774	11.2715	1.49149	0.817408	2.18156	-0.00375062	-0.0158058	0.112709	0.999995	0.000223987	7.86961e-05	-0.00298565	0.0447975	0.0157392	-0.597131	0	0	0	0	0.454527	0.198735	-0.916856	34.125	3	56732	5726228
784	-0.934516	0.301127	10.1577	-0.269389	0.594012	0.994029	-0.00934046	0.00302918	0.101577	0.999996	0.000184501	-6.50304e-05	-0.00296458	0.0369004	-0.0130061	-0.592918	0	0	0	0	0.457124	0.205187	-0.9243	34.125	3	56735	5726528
785	-0.273365	-0.944453	9.71733	1.67223	0.982566	0.912582	-0.00281857	-0.00950053	0.0971654	0.999996	0.00037173	-0.000151734	-0.0029259	0.0743461	-0.0303468	-0.585181	0	0	0	0	0.451414	0.209526	-0.918622	34.125	3	56738	5726828
786	-0.837462	-1.04337	9.31503	0.76588	0.461066	0.384872	-0.00843457	-0.0103844	0.0931505	0.999995	3.56965e-06	1.07186e-05	-0.00297556	0.000713932	0.00214372	-0.595112	0	0	0	0	0.449701	0.215517	-0.925552	34.125	3	56742	5727228
787	-1.48557	0.121915	9.51198	-0.314789	0.201485	0.935064	-0.01485	0.00126823	0.0951201	0.999996	0.000193137	-7.55871e-06	-0.00288906	0.0386275	-0.00151174	-0.577812	0	0	0	0	0.45057	0.220396	-0.925952	34.125	3	56745	5727528
788	-2.19284	-1.51577	8.48312	2.11114	-0.800341	0.243442	-0.0219823	-0.0150988	0.0848278	0.999995	0.000418866	0.000210352	-0.00295954	0.0837734	0.0420704	-0.59191	0	0	0	0	0.448384	0.225904	-0.932891	34.125	3	56748	5727828
789	-0.837794	-0.627765	9.75694	0.820328	0.612153	0.951033	-0.00839087	-0.00629007	0.0975675	0.999996	0.000311567	0.000119525	-0.00288492	0.0623135	0.0239051	-0.576984	0	0	0	0	0.449734	0.229333	-0.934336	34.125	3	56752	5728228
790	-1.15685	-1.50344	9.33403	1.57522	-0.0138248	0.298524	-0.0116996	-0.0150497	0.0933215	0.999996	0.000433384	-0.000248276	-0.00281683	0.0866769	-0.0496552	-0.563366	0	0	0	0	0.44195	0.230906	-0.93679	34.125	3	56755	5728528
791	-1.01825	0.749917	9.74502	-0.711845	0.917991	1.0047	-0.0101228	0.00748027	0.0974579	0.999996	0.000392335	8.86326e-05	-0.00283497	0.0784672	0.0177265	-0.566994	0	0	0	0	0.445659	0.230494	-0.942877	34.125	3	56758	5728828
792	-1.8351	-0.609557	8.94285	1.03422	-0.194431	0.253561	-0.0183583	-0.00608231	0.089428	0.999996	0.000521081	0.000156919	-0.00290023	0.104216	0.0313839	-0.580046	0	0	0	0	0.439772	0.235926	-0.943739	34.125	3	56762	5729228
793	0.259517	-1.10317	10.7708	1.91493	1.63231	2.27908	0.0025468	-0.0111009	0.107702	0.999996	0.00025289	6.93625e-05	-0.00286049	0.0505781	0.0138725	-0.572099	0	0	0	0	0.44423	0.238071	-0.956844	34.125	3	56765	5729528
794	-1.40474	-0.926832	9.53451	0.872401	-0.0284828	0.499849	-0.0140897	-0.00923939	0.0953417	0.999996	0.000274705	5.89247e-05	-0.00288981	0.0549411	0.011785	-0.577964	0	0	0	0	0.438622	0.239926	-0.948696	34.125	3	56768	5729828
795	-0.35103	-0.981579	9.5931	1.87621	1.10381	0.937118	-0.00352486	-0.00988431	0.0959234	0.999996	0.000465333	0.000227107	-0.00295091	0.0930667	0.0454214	-0.590183	0	0	0	0	0.436782	0.245529	-0.961189	34.125	3	56772	5730228
796	-1.11789	-1.08684	9.77656	1.36287	0.530526	1.56289	-0.0112245	-0.0108717	0.0977601	0.999996	0.000348142	8.86412e-05	-0.00289371	0.0696285	0.0177283	-0.578744	0	0	0	0	0.437333	0.246437	-0.957636	34.125	3	56775	5730528
797	-2.23	0.449064	9.21675	-0.699748	-0.607386	0.374857	-0.0222414	0.00457653	0.0921774	0.999996	0.000246978	0.000172589	-0.00295052	0.0493956	0.0345178	-0.590105	0	0	0	0	0.433091	0.252539	-0.969602	34.125	3	56778	5730828
798	0.092776	-2.33782	10.6275	2.60925	0.937929	1.43845	0.000787301	-0.0234268	0.106265	0.999996	0.000204773	-1.47154e-05	-0.00293412	0.0409547	-0.00294309	-0.586824	0	0	0	0	0.433887	0.258917	-0.97199	34.125	3	56782	5731228
799	-0.712784	-0.135309	10.0643	-0.149186	0.64019	1.06783	-0.00719939	-0.00133446	0.100638	0.999995	0.000120817	-0.000315446	-0.00299782	0.0241634	-0.0630893	-0.599565	0	0	0	0	0.428477	0.263866	-0.97337	34.125	3	56785	5731528
800	-1.54217	-0.703918	8.55104	0.947793	-0.611803	0.107044	-0.0154527	-0.00703569	0.0855052	0.999996	0.000507254	5.94871e-05	-0.00292287	0.101451	0.0118974	-0.584575	0	0	0	0	0.430165	0.272214	-0.977233	34.125	3	56788	5731828
801	-0.0567033	-0.106187	10.1822	0.781863	0.954276	1.34633	-0.000585974	-0.00115038	0.101821	0.999996	0.000451133	-6.14208e-05	-0.00290796	0.0902267	-0.0122842	-0.581593	0	0	0	0	0.420455	0.279104	-0.976024	34.125	3	56792	5732228
802	-2.16811	-0.453436	9.34308	1.05957	-0.643692	0.77964	-0.0216678	-0.00450115	0.0934355	0.999996	0.000499974	0.000212472	-0.00292156	0.0999949	0.0424945	-0.584312	0	0	0	0	0.419059	0.287621	-0.98795	34.125	3	56795	5732528
803	-1.22572	-1.02872	9.61882	1.45556	0.449011	1.14444	-0.0123314	-0.0102416	0.0961836	0.999996	0.000139002	-7.15053e-05	-0.00294189	0.0278003	-0.0143011	-0.588379	0	0	0	0	0.415746	0.292427	-0.982272	34.125	3	56799	5732928
804	-1.03392	-1.71221	9.64627	2.15931	-0.335398	0.750517	-0.0105029	-0.0171079	0.0964475	0.999996	0.000244735	-0.000326631	-0.00294387	0.048947	-0.0653262	-0.588774	0	0	0	0	0.407755	0.299934	-0.989139	34.125	3	56802	5733228
805	0.380568	-1.51048	10.3566	2.25846	0.89035	1.52965	0.00368759	-0.0151701	0.10356	0.999996	0.000211001	-0.000148418	-0.00288513	0.0422003	-0.0296836	-0.577027	0	0	0	0	0.402962	0.306225	-0.983927	34.125	3	56805	5733528
806	-1.30686	0.213655	9.5922	-0.260513	0.562004	1.07057	-0.0130463	0.00219263	0.0959238	0.999996	0.000101243	5.08817e-05	-0.00289126	0.0202486	0.0101764	-0.578253	0	0	0	0	0.396935	0.309832	-0.9919	34.125	3	56808	5733828
807	-1.10686	-1.29076	10.6466	1.65898	-0.246732	1.94388	-0.0110978	-0.012918	0.106461	0.999996	0.000344672	0.000207554	-0.00284197	0.0689345	0.0415109	-0.568394	0	0	0	0	0.393915	0.318627	-0.991185	34.125	3	56812	5734228
808	-0.04831	-0.904254	10.8994	1.21999	0.7937	1.63343	-0.000581984	-0.00905614	0.108992	0.999996	7.64578e-05	-0.000214173	-0.00288404	0.0152916	-0.0428347	-0.576809	0	0	0	0	0.382735	0.321211	-0.994107	34.125	3	56815	5734528
809	-1.02993	-1.02233	9.09326	1.32397	-0.586852	0.267526	-0.0103909	-0.010214	0.0909233	0.999996	0.000272082	-0.000184526	-0.00283915	0.0544164	-0.0369052	-0.56783	0	0	0	0	0.38254	0.328582	-0.996972	34.125	3	56818	5734828
810	-0.741019	-0.105455	10.2367	0.673835	0.406857	1.60315	-0.0074721	-0.00106786	0.102363	0.999996	0.000266474	-0.000273661	-0.00277094	0.0532948	-0.0547323	-0.554188	0	0	0	0	0.369649	0.331509	-0.990787	34.125	3	56822	5735228
811	-1.05296	-1.19623	8.70295	1.35961	-1.00841	-0.0186198	-0.0105623	-0.0120018	0.0870201	0.999996	0.00055728	0.000187951	-0.00272861	0.111456	0.0375902	-0.545722	0	0	0	0	0.36495	0.336151	-1.00278	34.125	3	56825	5735528
812	-1.49246	0.715133	8.9435	-1.08246	0.0822095	0.31129	-0.0148686	0.0072332	0.0894377	0.999996	2.24829e-06	9.08746e-05	-0.00276115	0.000449658	0.0181749	-0.552231	0	0	0	0	0.35822	0.339576	-1.00015	34.125	3	56829	5735928
813	-0.671348	-1.84643	10.1271	2.8533	0.00353117	1.50047	-0.00678652	-0.018518	0.101256	0.999996	0.000452101	0.000151685	-0.00280565	0.0904204	0.030337	-0.561132	0	0	0	0	0.351686	0.340314	-1.01122	34.125	3	56832	5736228
814	-2.27187	-0.386714	8.64492	-0.0524336	-0.569241	-0.143915	-0.0227614	-0.00379436	0.0864411	0.999996	0.000297452	-0.000126227	-0.00273104	0.0594904	-0.0252454	-0.54621	0	0	0	0	0.347011	0.343146	-1.00356	34.125	3	56835	5736528
815	0.461729	0.873544	10.1077	0.340008	1.46745	1.31457	0.00463421	0.00865869	0.101083	0.999996	0.000252904	-0.00015469	-0.00277063	0.0505809	-0.0309381	-0.554126	0	0	0	0	0.340017	0.344836	-1.01308	34.125	3	56838	5736828
816	-0.0697911	-0.845083	10.5058	1.14973	0.499313	1.6248	-0.000767968	-0.00846481	0.105057	0.999996	8.63414e-05	-0.000104655	-0.00284155	0.0172683	-0.020931	-0.568311	0	0	0	0	0.336499	0.35172	-1.01443	34.125	3	56842	5737228
817	-0.460845	0.254958	10.3376	0.60384	1.0889	2.07288	-0.0045276	0.00250256	0.103381	0.999996	0.000352541	0.000321838	-0.00283198	0.0705082	0.0643676	-0.566396	0	0	0	0	0.326819	0.350879	-1.01743	34.125	3	56845	5737528
818	-0.372461	-0.975764	9.72082	1.0702	-0.207184	0.72981	-0.0038245	-0.00978851	0.0972012	0.999996	0.000270267	-0.000225222	-0.00287034	0.0540535	-0.0450444	-0.574068	0	0	0	0	0.325041	0.357882	-1.02636	34.125	3	56849	5737928
819	0.190433	-0.745745	9.88725	1.62353	0.568828	1.13195	0.00186158	-0.00748989	0.0988709	0.999996	0.000109559	3.51288e-08	-0.00286047	0.0219119	7.02578e-06	-0.572095	0	0	0	0	0.315603	0.357826	-1.01874	34.125	3	56852	5738228
820	-0.218384	-2.20957	11.0044	2.83439	-0.203249	2.16594	-0.00230452	-0.0221538	0.11003	0.999996	0.000322743	2.99242e-05	-0.00287617	0.0645488	0.00598485	-0.575234	0	0	0	0	0.315782	0.364308	-1.02668	34.125	3	56855	5738528
821	-1.88981	0.0871842	10.3738	0.454108	0.343511	2.02742	-0.018825	0.000885102	0.103751	0.999996	0.00045363	0.000328354	-0.00284661	0.0907261	0.0656709	-0.569323	0	0	0	0	0.310483	0.36773	-1.02456	34.125	3	56859	5738928
822	-0.660974	-0.665644	9.6574	1.03771	-0.307311	0.999798	-0.00668137	-0.00664743	0.0965698	0.999996	0.000154021	-0.000170003	-0.00291623	0.0308042	-0.0340006	-0.583247	0	0	0	0	0.302556	0.371335	-1.03151	34.125	3	56862	5739228
823	0.394449	0.530748	10.1099	0.00149469	1.50948	0.883316	0.00396294	0.00525729	0.101101	0.999996	0.000137039	-5.73159e-05	-0.00284363	0.0274079	-0.0114632	-0.568727	0	0	0	0	0.299818	0.375586	-1.02231	34.125	3	56865	5739528
824	0.0958947	-1.65353	9.66847	2.13639	-0.390063	1.048	0.000812537	-0.0165909	0.0966765	0.999996	0.000260919	-0.000266235	-0.0028657	0.0521839	-0.0532471	-0.57314	0	0	0	0	0.289038	0.380154	-1.02721	34.1875	3	56869	5739928
825	-1.03423	0.0227591	8.54546	0.151264	0.350306	-0.328201	-0.0103301	0.000273217	0.085456	0.999996	7.98968e-05	6.28078e-05	-0.00286765	0.0159794	0.0125616	-0.57353	0	0	0	0	0.287995	0.386485	-1.02606	34.1875	3	56872	5740228
826	-2.49149	-0.189539	7.99349	-0.557796	-1.59788	-0.662688	-0.0249428	-0.00183817	0.0799275	0.999996	0.000542963	-0.000107217	-0.00288849	0.108593	-0.0214435	-0.5777	0	0	0	0	0.27828	0.390007	-1.02745	34.1875	3	56875	5740528
827	-1.2412	0.389989	10.6831	-0.0726982	0.734362	1.78504	-0.0123777	0.00392141	0.106834	0.999996	0.000232133	5.56722e-05	-0.00286876	0.0464267	0.0111344	-0.573752	0	0	0	0	0.274709	0.399338	-1.02925	34.1875	3	56879	5740928
828	-1.0972	-1.02023	9.00155	0.877322	-1.05909	0.678159	-0.0110558	-0.0101869	0.090007	0.999996	0.000274805	-0.000131778	-0.00294454	0.054961	-0.0263556	-0.588909	0	0	0	0	0.265783	0.40263	-1.01802	34.1875	3	56882	5741228
829	-0.559374	-1.00934	8.88528	0.962319	-0.569782	0.169738	-0.00565204	-0.010088	0.0888498	0.999996	0.000155327	4.40504e-06	-0.00292745	0.0310655	0.00088101	-0.58549	0	0	0	0	0.260747	0.40669	-1.02447	34.1875	3	56885	5741528
830	-0.0831143	-1.81411	9.79411	2.56415	-1.27799	1.62341	-0.000915332	-0.018254	0.0979194	0.999996	0.000601755	0.000106418	-0.00288586	0.120351	0.0212835	-0.577173	0	0	0	0	0.252241	0.412914	-1.01369	34.1875	3	56889	5741928
831	-1.34673	-0.432851	9.41086	0.731604	-0.518326	0.828548	-0.0134854	-0.00432821	0.094106	0.999996	0.000409847	3.61676e-05	-0.00287312	0.0819696	0.00723353	-0.574625	0	0	0	0	0.241895	0.415102	-1.02218	34.1875	3	56892	5742228
832	-1.60022	-0.79184	9.34372	0.0398871	-0.713288	0.75852	-0.0160581	-0.00785429	0.0934331	0.999996	0.000155207	-5.42844e-05	-0.00290438	0.0310414	-0.0108569	-0.580876	0	0	0	0	0.235121	0.424823	-1.01688	34.1875	3	56895	5742528
833	0.250026	-1.49082	10.0313	2.1022	-0.572886	1.55393	0.00244016	-0.0149996	0.100301	0.999996	0.000385232	0.000124837	-0.00284711	0.0770464	0.0249675	-0.569424	0	0	0	0	0.225873	0.425459	-1.02086	34.1875	3	56898	5742828
834	0.79526	-0.267323	10.3241	1.54413	0.697812	1.57486	0.00791506	-0.00279557	0.103241	0.999996	0.000376968	-0.000107528	-0.00280463	0.0753936	-0.0215056	-0.560926	0	0	0	0	0.216734	0.432761	-1.01561	34.1875	3	56902	5743228
835	-0.936227	-0.107639	9.58275	0.857889	-0.0427545	1.16288	-0.00934044	-0.00110215	0.0958294	0.999996	0.000406795	0.000145616	-0.0027909	0.0813591	0.0291232	-0.558182	0	0	0	0	0.206162	0.431395	-1.0161	34.1875	3	56905	5743528
836	0.159881	0.633346	10.3085	0.62871	1.66902	1.4652	0.00166697	0.00630839	0.103085	0.999996	7.88888e-05	0.000165397	-0.00269423	0.0157778	0.0330795	-0.538846	0	0	0	0	0.199181	0.437413	-1.02199	34.1875	3	56909	5743928
837	-1.69812	-1.47084	8.87339	1.16132	-1.95661	0.652308	-0.0170451	-0.0146947	0.0887239	0.999996	0.000426136	7.51402e-05	-0.00262666	0.0852273	0.0150281	-0.525333	0	0	0	0	0.190201	0.438817	-1.01434	34.1875	3	56912	5744228
838	-0.10957	-0.399265	9.92181	1.37353	0.711095	1.10242	-0.00110034	-0.00400389	0.0992176	0.999997	8.43187e-05	7.74239e-05	-0.00250134	0.0168638	0.0154848	-0.500269	0	0	0	0	0.186057	0.441956	-1.02435	34.1875	3	56915	5744528
839	-0.51626	0.726445	9.22213	0.175278	0.893662	0.603766	-0.00516391	0.00725037	0.0922223	0.999997	0.0002121	-0.000197897	-0.0024249	0.04242	-0.0395794	-0.48498	0	0	0	0	0.177064	0.441923	-1.01825	34.1875	3	56918	5744828
840	0.303872	-0.660404	11.9596	1.9468	0.462645	3.40665	0.00304719	-0.00663872	0.119594	0.999997	8.40173e-05	0.000168121	-0.00239685	0.0168035	0.0336241	-0.47937	0	0	0	0	0.165797	0.443126	-1.02575	34.1875	3	56922	5745228
841	-1.41514	-0.662702	8.8756	-0.233307	-0.839502	0.0170279	-0.0142274	-0.00657369	0.0887478	0.999997	5.13842e-05	-0.000264608	-0.00220058	0.0102769	-0.0529216	-0.440116	0	0	0	0	0.164943	0.44691	-1.01859	34.1875	3	56925	5745528
842	-0.113295	-0.20715	10.3244	1.14634	0.318929	1.41071	-0.00116439	-0.00209683	0.103243	0.999998	0.000145135	-0.000111505	-0.00201865	0.029027	-0.022301	-0.40373	0	0	0	0	0.158005	0.446632	-1.02715	34.1875	3	56928	5745828
843	-1.03954	-0.163584	9.38498	-0.141859	-0.277798	0.654045	-0.0103888	-0.00161887	0.0938509	0.999998	0.000108763	6.63296e-05	-0.00179846	0.0217527	0.0132659	-0.359692	0	0	0	0	0.155054	0.452003	-1.02601	34.1875	3	56932	5746228
844	-0.288262	-1.58945	9.76605	1.65452	-0.778694	1.47106	-0.00290813	-0.0159042	0.0976582	0.999999	9.50837e-05	0.00011905	-0.00153322	0.0190168	0.02381	-0.306643	0	0	0	0	0.150859	0.447604	-1.02356	34.1875	3	56935	5746528
845	-1.41818	0.235894	9.60234	-0.1486	-0.402823	1.25446	-0.01417	0.00233137	0.0960258	0.999999	0.000323206	3.18284e-05	-0.00121691	0.0646411	0.00636569	-0.243382	0	0	0	0	0.151227	0.455874	-1.02237	34.1875	3	56938	5746828
846	-0.947758	-0.743752	9.57652	0.528825	-0.782128	0.816787	-0.00950925	-0.00743407	0.0957624	0.999999	7.82443e-05	-8.99659e-05	-0.00097107	0.0156489	-0.0179932	-0.194214	0	0	0	0	0.147958	0.45583	-1.01831	34.1875	3	56942	5747228
847	-0.803654	0.195798	10.1841	0.671873	0.521633	1.84649	-0.00800722	0.00195789	0.101843	1	5.38711e-05	0.000130938	-0.000677931	0.0107742	0.0261875	-0.135586	0	0	0	0	0.146302	0.458407	-1.02532	34.1875	3	56945	5747528
848	-0.389078	-0.465195	10.9048	1.11555	-0.149095	2.13664	-0.00387548	-0.00471236	0.109046	1	0.000294732	9.15441e-05	-0.000498119	0.0589464	0.0183088	-0.0996239	0	0	0	0	0.145109	0.457272	-1.01574	34.1875	3	56948	5747828
849	-1.10328	-0.477826	9.38488	0.00938766	-0.783052	0.443741	-0.0110517	-0.00479386	0.0938457	1	9.92474e-05	-9.36981e-05	-0.0001369	0.0198495	-0.0187396	-0.02738	0	0	0	0	0.144481	0.460275	-1.01971	34.1875	3	56952	5748228
850	-0.608899	-0.527385	10.073	1.0523	-0.314	1.37084	-0.00609008	-0.00531285	0.100728	1	0.000184649	-1.31661e-05	0.000147799	0.0369298	-0.00263323	0.0295598	0	0	0	0	0.145074	0.464526	-1.01205	34.1875	3	56955	5748528
851	-1.29674	-1.25204	9.91688	0.432349	-1.15299	0.871724	-0.0129467	-0.0125162	0.099172	1	-7.01044e-05	5.74694e-05	0.000371633	-0.0140209	0.0114939	0.0743266	0	0	0	0	0.143239	0.462067	-1.01007	34.1875	3	56959	5748928
852	-2.00534	0.479908	8.34679	-1.08058	-0.14963	-0.356539	-0.0200672	0.00476246	0.0834667	1	5.7767e-05	-4.4144e-05	0.00067257	0.0115534	-0.0088288	0.134514	0	0	0	0	0.149842	0.469336	-1.01045	34.1875	3	56962	5749228
853	-2.11102	-0.308768	8.67696	-0.402022	-0.973545	0.211533	-0.0210813	-0.00312633	0.0867753	1	1.69223e-05	0.000136225	0.000846313	0.00338446	0.0272449	0.169263	0	0	0	0	0.144587	0.470798	-1.00786	34.1875	3	56965	5749528
854	-0.345372	-0.308527	10.2577	0.763066	-0.488552	1.39846	-0.00345746	-0.00313644	0.102575	0.999999	0.000213775	-5.02828e-05	0.0010571	0.0427549	-0.0100566	0.21142	0	0	0	0	0.150794	0.476564	-1.00574	34.1875	3	56968	5749828
855	-1.66077	-0.550516	8.84545	-0.3297	-1.29774	-0.00631881	-0.016593	-0.00555523	0.0884541	0.999999	3.98443e-05	2.16156e-06	0.00129598	0.00796886	0.000432313	0.259196	0	0	0	0	0.150893	0.476491	-1.00171	34.1875	3	56972	5750228
856	-2.14751	-0.533021	8.7579	-0.344506	-1.11679	0.247575	-0.0214297	-0.00538907	0.0875865	0.999999	-2.86519e-05	0.000167873	0.00148863	-0.00573038	0.0335747	0.297727	0	0	0	0	0.156951	0.479474	-1.00773	34.1875	3	56975	5750528
857	-2.23517	1.2098	9.07421	-1.39178	0.39596	0.49713	-0.0223926	0.0120376	0.0907401	0.999998	-7.53009e-05	-5.12483e-06	0.00165515	-0.0150602	-0.00102497	0.33103	0	0	0	0	0.156663	0.478855	-1.00017	34.1875	3	56978	5750828
858	-0.920116	0.52802	9.23452	0.0404164	0.0975605	0.368217	-0.00924296	0.00523224	0.0923437	0.999998	7.10746e-05	-0.000118869	0.0018883	0.0142149	-0.0237739	0.37766	0	0	0	0	0.157452	0.478973	-1.00724	34.1875	3	56982	5751228
859	-1.37221	1.09727	9.61679	-0.208436	1.06678	1.29331	-0.0137078	0.0109475	0.0961728	0.999998	-0.000143618	0.000293658	0.00192624	-0.0287236	0.0587316	0.385249	0	0	0	0	0.161442	0.480766	-1.00014	34.1875	3	56985	5751528
860	-0.815755	-0.272242	10.3953	0.788068	-0.267193	1.50999	-0.00814028	-0.00273094	0.103955	0.999998	-0.000110578	3.2397e-05	0.0019329	-0.0221156	0.00647941	0.38658	0	0	0	0	0.163237	0.477471	-1.0078	34.1875	3	56988	5751828
861	-1.24425	-0.764936	10.1283	0.895862	-0.833253	1.69207	-0.0123819	-0.00769947	0.101286	0.999998	1.8544e-05	0.000158071	0.00186742	0.00370881	0.0316142	0.373484	0	0	0	0	0.173338	0.479799	-1.00628	34.1875	3	56992	5752228
862	-0.802852	1.13218	10.9691	0.379965	1.06339	2.13123	-0.0080331	0.011329	0.10969	0.999998	-0.00017064	0.000174051	0.00188796	-0.0341281	0.0348102	0.377593	0	0	0	0	0.172011	0.472016	-1.00695	34.1875	3	56995	5752528
863	-1.31526	-0.0560192	9.10808	0.101607	-0.152372	0.650216	-0.0131319	-0.000586038	0.0910837	0.999998	-0.000118361	0.00010233	0.00180361	-0.0236722	0.0204659	0.360722	0	0	0	0	0.182515	0.476805	-1.0069	34.1875	3	56998	5752828
864	-1.6183	0.280344	9.24914	-0.120098	-0.255993	0.6222	-0.0161628	0.00276101	0.0924963	0.999999	-4.90193e-05	0.00015702	0.00159198	-0.00980386	0.031404	0.318397	0	0	0	0	0.186996	0.474249	-1.00243	34.1875	3	57002	5753228
865	-0.90715	-0.872543	10.2661	1.17249	-0.751898	1.92512	-0.00903005	-0.00872696	0.102665	0.999999	-0.000114994	8.38085e-05	0.00138906	-0.0229988	0.0167617	0.277811	0	0	0	0	0.190652	0.47484	-1.01001	34.1875	3	57005	5753528
866	-0.750535	0.440703	10.2621	0.198989	0.572623	1.45792	-0.00752021	0.00441436	0.102619	0.999999	-0.000125548	-1.96584e-05	0.00122761	-0.0251096	-0.00393168	0.245522	0	0	0	0	0.192411	0.469779	-1.00053	34.1875	3	57008	5753828
867	-0.559466	-0.159911	10.0217	0.657315	0.0564163	1.18161	-0.00558765	-0.0016022	0.100218	0.999999	-3.76349e-05	1.97519e-05	0.000950878	-0.00752699	0.00395039	0.190176	0	0	0	0	0.197074	0.469848	-1.00661	34.1875	3	57012	5754228
868	-0.627695	1.05002	10.7812	0.0569728	1.29822	1.90411	-0.00628898	0.0105086	0.10781	1	-8.60243e-05	2.29557e-05	0.000808275	-0.0172049	0.00459115	0.161655	0	0	0	0	0.202922	0.471191	-1.00257	34.1875	3	57015	5754528
869	-0.575197	-0.783547	10.5077	1.42737	-0.255006	1.95994	-0.00572357	-0.00784433	0.105077	1	3.06684e-06	8.17623e-05	0.000715425	0.000613368	0.0163525	0.143085	0	0	0	0	0.200996	0.468316	-1.00464	34.1875	3	57018	5754828
870	-1.21606	0.754805	9.5036	-0.300613	0.299107	0.708692	-0.0121726	0.00754767	0.0950345	1	-7.15997e-05	-1.74201e-05	0.000575055	-0.0143199	-0.00348402	0.115011	0	0	0	0	0.208243	0.473053	-1.00003	34.1875	3	57022	5755228
871	-1.23652	0.0125107	9.51023	0.0114402	-0.244362	0.785524	-0.0123729	0.000125718	0.0951013	1	-6.88754e-05	-3.97868e-05	0.000504861	-0.0137751	-0.00795737	0.100972	0	0	0	0	0.20446	0.473518	-0.996969	34.1875	3	57025	5755528
872	-1.52927	-0.152805	9.61804	0.319438	-0.494496	1.0688	-0.0152989	-0.00155653	0.0961789	1	7.85562e-05	-3.9458e-05	0.000437027	0.0157112	-0.00789161	0.0874055	0	0	0	0	0.207795	0.472551	-0.999026	34.1875	3	57028	5755828
873	-1.38832	0.520104	9.01442	-0.31026	0.452617	0.306049	-0.0139026	0.00519023	0.0901419	1	-1.14408e-05	-8.07581e-05	0.000463363	-0.00228816	-0.0161516	0.0926725	0	0	0	0	0.20754	0.472871	-0.989422	34.1875	3	57032	5756228
874	-1.95161	0.63738	9.27679	-0.759842	-0.0917499	0.800006	-0.0194912	0.00635544	0.0927744	1	3.11412e-06	0.000165059	0.00045596	0.000622825	0.0330118	0.0911919	0	0	0	0	0.208836	0.475858	-0.993402	34.1875	3	57035	5756528
875	-1.5062	-0.20164	9.44688	0.164702	-0.469732	0.820081	-0.0150421	-0.00201292	0.094472	1	-8.04758e-05	9.74735e-05	0.000389575	-0.0160952	0.0194947	0.0779149	0	0	0	0	0.207117	0.475242	-0.985327	34.1875	3	57038	5756828
876	-1.04511	-0.250939	9.8357	0.394719	-0.433893	0.981608	-0.0104589	-0.00249415	0.0983566	1	-0.00012066	-4.97868e-05	0.00040628	-0.024132	-0.00995737	0.0812561	0	0	0	0	0.205616	0.474333	-0.98837	34.1875	3	57042	5757228
877	-0.879945	0.113055	9.69866	0.278452	0.156226	0.907145	-0.00880876	0.00113687	0.0969857	1	-7.35986e-05	-4.27199e-05	0.000451819	-0.0147197	-0.00854399	0.0903638	0	0	0	0	0.209549	0.478095	-0.982244	34.1875	3	57045	5757528
878	-0.735269	0.585041	9.76101	0.45745	0.382515	1.21581	-0.00735524	0.00582926	0.0976112	1	7.5604e-05	1.2944e-05	0.000434865	0.0151208	0.00258879	0.0869729	0	0	0	0	0.202792	0.477202	-0.983748	34.1875	3	57048	5757828
879	-2.25484	0.381114	8.87125	-0.928189	-0.499372	0.314951	-0.0225426	0.00377698	0.0887155	1	8.59532e-05	5.07182e-05	0.000419252	0.0171906	0.0101436	0.0838503	0	0	0	0	0.208644	0.477579	-0.980231	34.1875	3	57052	5758228
880	-1.38832	-0.0972363	9.32364	0.0903973	-0.375034	0.543176	-0.0138771	-0.000963553	0.0932374	1	-0.000104173	2.84857e-05	0.000382391	-0.0208345	0.00569713	0.0764781	0	0	0	0	0.20248	0.478047	-0.976152	34.1875	3	57055	5758528
881	-1.86149	0.181458	8.96288	-0.636318	-0.602885	0.338477	-0.0185867	0.00179382	0.0896351	1	3.65921e-05	0.000165215	0.000381736	0.00731841	0.0330429	0.0763472	0	0	0	0	0.204302	0.480514	-0.978631	34.1875	3	57058	5758828
882	-1.58768	0.440862	10.0849	-0.253167	-0.222921	1.33785	-0.0158652	0.00439162	0.100851	1	2.14846e-05	7.46901e-05	0.000399155	0.00429692	0.014938	0.0798309	0	0	0	0	0.201669	0.47698	-0.970616	34.1875	3	57062	5759228
883	-2.72316	0.116154	9.23044	-0.954972	-1.26005	0.492498	-0.0272282	0.00113935	0.0923057	1	2.34614e-06	2.32663e-05	0.00039939	0.000469228	0.00465325	0.079878	0	0	0	0	0.202407	0.480991	-0.977096	34.1875	3	57065	5759528
884	-2.80419	-0.442276	9.15963	-0.536848	-1.466	0.573469	-0.0280425	-0.00445071	0.0915948	1	4.06438e-05	-2.08949e-05	0.000365573	0.00812875	-0.00417897	0.0731145	0	0	0	0	0.199268	0.476033	-0.971131	34.1875	3	57068	5759828
885	-3.79827	0.0308892	8.52654	-1.81763	-2.04624	-0.16217	-0.0379799	0.000270096	0.0852667	1	6.32402e-05	1.75076e-05	0.000368741	0.012648	0.00350152	0.0737482	0	0	0	0	0.200164	0.477037	-0.973133	34.125	3	57072	5760228
886	-2.74554	0.0707307	9.05042	-0.814926	-1.1839	0.35946	-0.0274549	0.000677122	0.0905046	1	7.86101e-05	4.96595e-06	0.000290594	0.015722	0.00099319	0.0581188	0	0	0	0	0.199745	0.476996	-0.970607	34.125	3	57075	5760528
887	-2.64108	-0.0159006	9.59971	-0.923956	-1.26511	0.804185	-0.0263967	-0.000152606	0.096001	1	-0.00010274	7.32294e-05	0.000252361	-0.020548	0.0146459	0.0504722	0	0	0	0	0.196001	0.472132	-0.969688	34.125	3	57078	5760828
888	-1.73949	0.00563151	9.85731	-0.244171	-0.472146	1.12823	-0.0174219	3.89181e-05	0.0985684	1	4.85891e-05	-0.000136699	0.000224547	0.00971783	-0.0273397	0.0449095	0	0	0	0	0.201695	0.478407	-0.968564	34.125	3	57081	5761128
889	-2.6729	-0.0394993	9.93538	-0.7557	-0.804513	1.35177	-0.0267602	-0.000432075	0.0993453	1	0.000137411	-0.000157925	0.000182799	0.0274823	-0.031585	0.0365597	0	0	0	0	0.195961	0.473126	-0.970676	34.125	3	57085	5761528
890	-1.39712	0.207504	9.91901	0.282234	-0.428127	1.22135	-0.0139687	0.00205777	0.0991908	1	6.00912e-05	1.6551e-05	0.000191458	0.0120182	0.00331019	0.0382917	0	0	0	0	0.197417	0.47455	-0.969135	34.125	3	57088	5761828
891	-3.35422	-0.356255	9.06303	-1.32577	-2.19607	0.434893	-0.033549	-0.00357028	0.0906275	1	-2.12514e-05	-4.4022e-05	0.000172558	-0.00425028	-0.00880439	0.0345116	0	0	0	0	0.193271	0.47156	-0.963627	34.125	3	57092	5762228
892	-2.35172	0.158606	9.10945	-0.878765	-1.18758	0.388704	-0.0235487	0.0015516	0.0910869	1	0.000157838	-0.000171013	0.000121341	0.0315677	-0.0342027	0.0242682	0	0	0	0	0.195926	0.46785	-0.975843	34.125	3	57095	5762528
893	-2.18892	0.187936	9.19071	-0.859327	-0.335082	0.539873	-0.0219091	0.00187764	0.0919024	1	-8.52154e-06	-0.000106402	7.50712e-05	-0.00170431	-0.0212803	0.0150142	0	0	0	0	0.196087	0.470624	-0.967196	34.125	3	57098	5762828
894	-3.9005	-0.172192	8.65963	-1.72381	-1.84794	0.203074	-0.0390067	-0.00175643	0.086595	1	0.000166894	-1.07359e-05	7.18525e-05	0.0333788	-0.00214718	0.0143705	0	0	0	0	0.195005	0.46831	-0.973809	34.125	3	57102	5763228
895	-1.84685	0.191163	9.87111	-0.18104	-0.738507	1.07629	-0.0184961	0.00191687	0.0987059	1	-4.10234e-05	-0.000138211	7.74856e-05	-0.00820467	-0.0276421	0.0154971	0	0	0	0	0.19647	0.472137	-0.970195	34.125	3	57105	5763528
896	-1.67074	0.205224	9.60716	-0.137965	-0.626726	0.858481	-0.0167117	0.00204084	0.0960711	1	5.03494e-05	-2.12165e-05	5.13921e-05	0.0100699	-0.00424331	0.0102784	0	0	0	0	0.193154	0.466827	-0.971813	34.125	3	57108	5763828
897	-1.69648	0.148817	9.70196	-0.155088	-0.526085	0.969515	-0.0169555	0.00147663	0.0970214	1	5.44617e-05	4.83822e-05	2.86628e-05	0.0108923	0.00967644	0.00573256	0	0	0	0	0.197892	0.469731	-0.97278	34.125	3	57112	5764228
898	-1.55911	0.0429621	9.81928	-0.0398897	-0.423587	1.07539	-0.0155899	0.000427903	0.098193	1	1.04216e-05	5.99952e-06	-1.05663e-05	0.00208432	0.0011999	-0.00211327	0	0	0	0	0.194122	0.470188	-0.969217	34.125	3	57115	5764528
899	-1.26073	-0.145007	9.75799	0.384533	-0.396487	0.967078	-0.0126083	-0.00145871	0.0975797	1	4.61583e-05	-4.97353e-06	-1.47889e-05	0.00923166	-0.000994705	-0.00295779	0	0	0	0	0.195985	0.471662	-0.970708	34.125	3	57118	5764828
900	-1.61923	-0.0907096	9.57673	-0.0846219	-0.47766	0.945951	-0.0161783	-0.00090178	0.0957697	1	-3.14319e-05	7.28094e-05	2.1765e-05	-0.00628637	0.0145619	0.004353	0	0	0	0	0.195031	0.471183	-0.970714	34.125	3	57122	5765228
901	-1.33526	0.134672	9.60291	0.149067	-0.298095	0.938222	-0.0133623	0.00132642	0.0960281	1	0.000106298	-5.02557e-05	-4.04226e-06	0.0212595	-0.0100511	-0.000808452	0	0	0	0	0.195388	0.471269	-0.975765	34.125	3	57125	5765528
902	-0.221313	0.0228379	10.3665	1.33244	0.33619	1.56223	-0.00221733	0.000233539	0.103665	1	-2.49686e-05	-2.02395e-05	3.94373e-06	-0.00499372	-0.0040479	0.000788746	0	0	0	0	0.194587	0.47116	-0.969198	34.125	3	57128	5765828
903	-0.773864	-0.0597753	9.8552	0.588076	0.148267	1.0704	-0.00772928	-0.000611058	0.0985527	1	7.06208e-05	4.77475e-05	-3.97416e-05	0.0141242	0.00954951	-0.00794832	0	0	0	0	0.196869	0.47123	-0.974257	34.125	3	57131	5766128
904	-0.783432	-0.0966791	9.80503	0.751255	-0.0719386	0.998143	-0.00782481	-0.000968501	0.098051	1	1.35168e-05	4.90829e-05	-6.00721e-05	0.00270336	0.00981658	-0.0120144	0	0	0	0	0.198419	0.472103	-0.969194	34.125	3	57135	5766528
905	-0.828889	-0.104869	9.79108	0.700037	-0.139521	0.971282	-0.00829686	-0.00105482	0.09791	1	3.32333e-05	-4.04585e-05	-2.25547e-05	0.00664665	-0.0080917	-0.00451094	0	0	0	0	0.193069	0.46978	-0.973262	34.125	3	57138	5766828
906	-0.657615	0.0576162	9.77232	0.695367	0.0625411	0.909195	-0.00658311	0.000567934	0.0977227	1	4.22989e-05	-3.56136e-05	-3.02511e-06	0.00845979	-0.00712273	-0.000605021	0	0	0	0	0.196418	0.474585	-0.970645	34.125	3	57141	5767128
907	-0.509011	-0.107017	9.81466	0.927398	0.0201098	0.971044	-0.0050932	-0.00107742	0.0981463	1	3.69939e-05	-1.57248e-05	-5.77256e-07	0.00739878	-0.00314496	-0.000115451	0	0	0	0	0.192564	0.474138	-0.971142	34.125	3	57145	5767528
908	-0.460392	-0.0412004	9.82845	0.954617	0.117567	0.988646	-0.00460292	-0.000421227	0.0982845	1	4.77378e-05	5.20044e-06	-1.75142e-05	0.00954756	0.00104009	-0.00350285	0	0	0	0	0.196895	0.475548	-0.970121	34.125	3	57148	5767828
909	-0.628024	-0.047257	9.79935	0.826843	-0.0105504	0.961037	-0.00628186	-0.000483203	0.0979934	1	5.53858e-05	-8.20685e-06	-1.76539e-05	0.0110772	-0.00164137	-0.00353078	0	0	0	0	0.195146	0.47158	-0.965656	34.125	3	57152	5768228
910	-0.499521	-0.0667075	9.80275	0.915544	0.0678045	0.956212	-0.0050047	-0.000678813	0.0980269	1	6.00778e-05	-4.83952e-05	-4.00352e-06	0.0120156	-0.00967904	-0.000800704	0	0	0	0	0.193954	0.475129	-0.972642	34.125	3	57155	5768528
911	-0.591009	-0.0835992	9.80999	0.854526	-0.000650315	0.965319	-0.00591557	-0.00084595	0.0980995	1	4.98595e-05	-2.80566e-05	1.48638e-05	0.00997191	-0.00561133	0.00297277	0	0	0	0	0.193119	0.472635	-0.969158	34.125	3	57158	5768828
912	-0.4503	-0.150641	9.80068	0.992874	0.0462024	0.962021	-0.00451178	-0.00151946	0.0980062	1	6.71186e-05	-4.46065e-05	-1.11816e-05	0.0134237	-0.0089213	-0.00223633	0	0	0	0	0.19397	0.472708	-0.973706	34.125	3	57162	5769228
913	-0.718991	-0.049259	9.76263	0.783074	-0.0697921	0.92689	-0.00719379	-0.000504601	0.097626	1	5.89357e-05	-2.00489e-05	3.50558e-05	0.0117871	-0.00400978	0.00701116	0	0	0	0	0.195936	0.473144	-0.971685	34.125	3	57165	5769528
914	-0.979633	-0.0786907	9.77268	0.552716	-0.265779	0.959562	-0.0098094	-0.000799108	0.0977254	1	6.17523e-05	-6.69657e-05	6.67414e-06	0.0123505	-0.0133931	0.00133483	0	0	0	0	0.194452	0.474149	-0.972666	34.125	3	57168	5769828
915	-0.686534	0.00266797	9.78938	0.711637	-0.0317988	0.967499	-0.00688135	1.455e-05	0.0978926	1	6.20301e-05	-8.17866e-05	-1.08618e-06	0.012406	-0.0163573	-0.000217237	0	0	0	0	0.195907	0.474128	-0.972168	34.125	3	57171	5770128
916	-0.255648	-0.387272	9.75361	1.42548	-0.142591	0.873073	-0.00255647	-0.00388562	0.0975356	1	6.62077e-05	1.31411e-07	-2.75463e-06	0.0132415	2.62821e-05	-0.000550926	0	0	0	0	0.193152	0.472129	-0.968159	34.125	3	57175	5770528
917	-0.671363	0.0919834	9.79663	0.384825	-0.623332	1.11405	-0.00675663	0.00086913	0.0979638	1	0.000259579	-0.000219563	-1.15432e-05	0.0519157	-0.0439126	-0.00230864	0	0	0	0	0.196796	0.47562	-0.974159	34.125	3	57178	5770828
918	-0.960861	0.0455655	9.64742	0.825809	-0.610077	0.983868	-0.00955537	0.000456344	0.0964795	1	-9.28723e-06	0.000276198	5.753e-05	-0.00185745	0.0552397	0.011506	0	0	0	0	0.189755	0.471696	-0.969669	34.125	3	57181	5771128
919	-0.701546	0.261378	9.66548	0.703374	0.193635	0.844302	-0.00698821	0.00261946	0.0966566	1	-3.04932e-05	0.000141374	1.53496e-05	-0.00609864	0.0282747	0.00306993	0	0	0	0	0.195879	0.473668	-0.973693	34.125	3	57185	5771528
920	-1.44216	0.0839253	9.71268	0.17425	-0.611254	0.981704	-0.0144187	0.000832033	0.0971273	1	2.8985e-05	1.57959e-05	5.51101e-05	0.00579699	0.00315918	0.011022	0	0	0	0	0.196018	0.472602	-0.968667	34.125	3	57188	5771828
921	-0.909312	-0.175036	9.69441	0.651192	-0.265839	0.860462	-0.00911275	-0.00175752	0.0969421	1	3.96671e-05	-0.00010074	-2.90557e-05	0.00793343	-0.0201481	-0.00581114	0	0	0	0	0.195479	0.470239	-0.972758	34.125	3	57192	5772228
922	-1.49754	0.0148063	9.7255	0.142584	-0.564407	0.973272	-0.0149956	0.000138064	0.0972519	1	4.03781e-05	-0.000103881	7.15948e-05	0.00807563	-0.0207762	0.014319	0	0	0	0	0.197914	0.472125	-0.970202	34.125	3	57195	5772528
923	-2.08902	-0.121051	9.69913	-0.281906	-1.02977	0.975004	-0.0209036	-0.0012263	0.0969882	1	6.77783e-05	-7.00186e-05	6.33557e-05	0.0135557	-0.0140037	0.0126711	0	0	0	0	0.193518	0.471727	-0.973221	34.125	3	57198	5772828
924	-0.942649	0.214271	9.80789	0.370515	-0.0930151	0.985351	-0.00944809	0.00213701	0.0980769	1	3.24439e-05	-0.000110874	-3.48873e-05	0.00648877	-0.0221749	-0.00697745	0	0	0	0	0.19499	0.473621	-0.97066	34.125	3	57201	5773128
925	2.06058	-0.749672	10.1858	3.23021	1.26953	1.2148	0.0206199	-0.00749526	0.101856	1	-3.28838e-05	7.8697e-05	-0.000126998	-0.00657675	0.0157394	-0.0253996	0	0	0	0	0.192152	0.470719	-0.970711	34.125	3	57205	5773528
926	-1.48177	-0.581255	9.91857	0.66065	-1.05691	1.28082	-0.0147724	-0.00580427	0.0991929	1	-6.25915e-05	0.000220208	0.000139838	-0.0125183	0.0440415	0.0279676	0	0	0	0	0.196845	0.475584	-0.97214	34.125	3	57208	5773828
927	-1.18073	1.11576	10.0416	-0.117736	0.438164	1.35978	-0.0118394	0.0111563	0.100413	1	3.2188e-06	-0.000156917	2.60939e-05	0.00064376	-0.0313833	0.00521878	0	0	0	0	0.193151	0.470684	-0.969202	34.125	3	57211	5774128
928	-0.441969	-0.227095	9.72092	1.07876	-0.0517314	0.832033	-0.00441665	-0.00228833	0.0972089	1	8.59537e-05	1.38637e-05	7.63248e-05	0.0171907	0.00277274	0.015265	0	0	0	0	0.192038	0.473212	-0.973686	34.125	3	57215	5774528
929	-1.12566	0.181649	9.84738	0.316877	-0.12605	0.937938	-0.0112507	0.00180155	0.0984748	1	7.21241e-05	3.0249e-05	3.27241e-05	0.0144248	0.00604981	0.00654482	0	0	0	0	0.19513	0.472556	-0.965634	34.125	3	57218	5774828
930	-1.67723	0.0282141	9.67416	0.0268064	-0.693267	0.916019	-0.0167775	0.000273915	0.0967407	1	3.75381e-05	-2.66712e-05	2.87033e-05	0.00750761	-0.00533424	0.00574066	0	0	0	0	0.193489	0.472712	-0.973704	34.125	3	57221	5775128
931	-0.944812	0.00931278	9.69684	0.565786	-0.227472	0.886358	-0.00945537	8.86753e-05	0.0969677	1	2.25585e-05	-3.73608e-05	4.10602e-06	0.00451171	-0.00747215	0.000821204	0	0	0	0	0.195471	0.473617	-0.970662	34.125	3	57225	5775528
932	-0.477124	-0.0884645	9.80544	0.958449	-0.0135173	0.942317	-0.00476946	-0.000889906	0.0980545	1	2.69693e-05	9.07844e-06	-2.93548e-06	0.00539385	0.00181569	-0.000587097	0	0	0	0	0.194562	0.471178	-0.970207	34.125	3	57228	5775828
933	-0.637127	-0.0529627	9.80103	0.832428	-0.0841191	0.941359	-0.00636517	-0.00053792	0.0980107	1	4.16469e-05	3.1067e-05	1.01589e-05	0.00832939	0.0062134	0.00203178	0	0	0	0	0.196931	0.474075	-0.969649	34.125	3	57231	5776128
934	-0.896299	-0.0920281	9.78111	0.618404	-0.221357	0.95273	-0.00896573	-0.000930648	0.0978107	1	4.99189e-05	-1.43659e-05	3.35627e-05	0.00998378	-0.00287317	0.00671253	0	0	0	0	0.193657	0.469216	-0.969237	34.125	3	57235	5776528
935	-0.602625	0.00389666	9.74838	0.834457	0.00257497	0.900789	-0.00602722	3.07032e-05	0.0974838	1	4.13675e-05	-4.95461e-06	1.64304e-05	0.0082735	-0.000990921	0.00328609	0	0	0	0	0.197343	0.474604	-0.972164	34.125	3	57238	5776828
936	-0.790187	-0.0147328	9.7763	0.708806	-0.164498	0.948225	-0.00790406	-0.000158951	0.0977628	1	5.78483e-05	-1.1207e-05	1.97626e-05	0.0115697	-0.00224141	0.00395252	0	0	0	0	0.192654	0.471663	-0.969178	34.125	3	57241	5777128
937	-0.451038	-0.0380135	10.0611	1.03533	0.0316146	1.20774	-0.00449934	-0.000388167	0.100611	1	3.9555e-05	5.48531e-05	8.01885e-06	0.007911	0.0109706	0.00160377	0	0	0	0	0.195344	0.473229	-0.976226	34.125	3	57245	5777528
938	-1.75771	0.0119158	9.55361	-0.0519251	-0.715155	0.814349	-0.0175632	0.000107335	0.0955387	1	6.24343e-05	7.26634e-05	-3.02362e-06	0.0124869	0.0145327	-0.000604725	0	0	0	0	0.195117	0.472565	-0.966139	34.125	3	57248	5777828
939	-0.868755	-0.130596	9.81853	0.706587	-0.351421	0.994855	-0.00868179	-0.00131416	0.0981857	1	4.06613e-05	2.91806e-05	1.26273e-05	0.00813225	0.00583612	0.00252547	0	0	0	0	0.195891	0.473659	-0.973189	34.125	3	57251	5778128
940	-1.22387	0.00754733	9.98155	0.394871	-0.399238	1.22736	-0.0122362	6.60595e-05	0.0998158	1	4.76726e-05	1.26416e-05	-4.213e-06	0.00953452	0.00252832	-0.000842601	0	0	0	0	0.197935	0.474519	-0.967623	34.125	3	57255	5778528
941	-1.4154	0.083991	9.73596	0.108427	-0.642244	1.01432	-0.0141591	0.000826444	0.097359	1	7.24156e-05	-2.64278e-05	-2.24204e-05	0.0144831	-0.00528556	-0.00448407	0	0	0	0	0.196491	0.47164	-0.969701	34.125	3	57258	5778828
942	-2.05778	-0.401147	9.25365	-0.0268029	-1.25182	0.666477	-0.0205754	-0.00401419	0.0925369	1	1.03911e-05	1.21386e-05	1.92516e-05	0.00207822	0.00242773	0.00385032	0	0	0	0	0.197984	0.473038	-0.966646	34.125	3	57261	5779128
943	-1.50243	0.164095	9.82185	-0.548234	-1.23337	0.629593	-0.0150213	0.00162998	0.0982191	1	7.37678e-05	1.31782e-05	-0.000117294	0.0147536	0.00263565	-0.0234588	0	0	0	0	0.19508	0.472592	-0.967653	34.125	3	57265	5779528
944	-1.43681	-0.643677	9.49706	0.364966	-1.16539	0.781274	-0.0144027	-0.00644063	0.0949651	1	2.222e-05	-0.000181231	-1.25982e-05	0.00444401	-0.0362463	-0.00251964	0	0	0	0	0.20021	0.477967	-0.970588	34.125	3	57268	5779828
945	-2.21853	-0.427623	9.24345	-0.17301	-1.57428	0.482487	-0.022187	-0.00428098	0.0924338	1	3.4477e-05	-7.20049e-06	-3.66903e-05	0.00689539	-0.0014401	-0.00733805	0	0	0	0	0.198436	0.474018	-0.967132	34.1875	3	57272	5780228
946	-1.89398	0.187941	9.57827	-0.37165	-0.715246	0.908355	-0.0189464	0.00188548	0.0957813	1	-2.66235e-05	-3.49378e-05	-2.55323e-05	-0.00532469	-0.00698757	-0.00510647	0	0	0	0	0.198265	0.477035	-0.972114	34.1875	3	57275	5780528
947	-1.68138	0.157816	9.68252	0.0531422	-0.570243	0.982267	-0.0168001	0.00157214	0.0968276	1	3.37032e-05	7.05542e-05	-1.48116e-05	0.00674065	0.0141108	-0.00296232	0	0	0	0	0.197055	0.47543	-0.963558	34.1875	3	57278	5780828
948	-1.25765	0.176248	9.66212	0.209081	-0.388133	0.818823	-0.0125994	0.00175806	0.0966183	1	2.31708e-05	-0.000118582	-2.46301e-06	0.00463417	-0.0237164	-0.000492601	0	0	0	0	0.198334	0.475057	-0.970644	34.1875	3	57282	5781228
949	-1.10964	0.19095	9.70984	0.117332	-0.361181	0.798585	-0.0111215	0.00190622	0.0970955	1	1.4593e-05	-0.000128735	2.03116e-05	0.0029186	-0.0257471	0.00406231	0	0	0	0	0.199729	0.477971	-0.970585	34.1875	3	57285	5781528
950	-1.13153	-0.196307	9.65095	0.58908	-0.243637	0.804616	-0.0113381	-0.00196619	0.0965068	1	5.12119e-06	-0.000119994	9.4251e-05	0.00102424	-0.0239989	0.0188502	0	0	0	0	0.199765	0.475054	-0.971155	34.1875	3	57288	5781828
951	-0.637488	0.018084	9.85769	0.71252	-0.370269	0.969017	-0.00638136	0.000182509	0.0985765	1	-1.9651e-05	-3.25885e-05	0.000172887	-0.0039302	-0.00651771	0.0345774	0	0	0	0	0.203072	0.479407	-0.970569	34.1875	3	57291	5782128
952	-0.742428	-0.0920914	9.7062	0.549895	-0.453521	0.799587	-0.00742793	-0.000921297	0.0970618	1	-1.98573e-05	-2.15171e-05	0.000285383	-0.00397146	-0.00430342	0.0570767	0	0	0	0	0.199851	0.474991	-0.967622	34.1875	3	57295	5782528
953	-1.07016	-0.109613	9.78207	0.752757	-0.264428	0.945303	-0.010708	-0.00110942	0.0978199	1	2.28488e-05	-3.75736e-05	0.000412369	0.00456976	-0.00751473	0.0824738	0	0	0	0	0.205925	0.476998	-0.973666	34.1875	3	57298	5782828
954	-1.87622	-0.0280267	9.46255	-0.0664704	-0.878187	0.732689	-0.01879	-0.000302796	0.09462	1	1.98806e-05	-0.000148562	0.000499762	0.00397612	-0.0297125	0.0999525	0	0	0	0	0.204996	0.477945	-0.97162	34.1875	3	57301	5783128
955	-1.2386	-0.110147	9.78881	0.371189	-0.666969	1.01727	-0.012406	-0.0011259	0.0978853	1	4.61616e-05	-0.000109664	0.000620771	0.00923233	-0.0219328	0.124154	0	0	0	0	0.207356	0.476995	-0.974178	34.1875	3	57305	5783528
956	-1.31774	-0.0992893	9.8283	0.391114	-0.585851	1.07971	-0.0131812	-0.00100934	0.0982824	1	-1.0835e-05	-2.63899e-05	0.000704587	-0.00216701	-0.00527798	0.140917	0	0	0	0	0.211834	0.475405	-0.969183	34.1875	3	57308	5783828
957	-0.0658269	-0.269886	10.2763	1.35301	-0.0476407	1.40563	-0.000673708	-0.00269041	0.102763	1	-4.6475e-05	-9.68822e-05	0.000830014	-0.009295	-0.0193764	0.166003	0	0	0	0	0.215946	0.476011	-0.977775	34.1875	3	57311	5784128
958	-0.948053	0.114456	9.99861	0.661301	-0.0755573	1.20266	-0.00948958	0.00114485	0.0999853	0.999999	-8.58611e-05	-3.50552e-05	0.000889751	-0.0171722	-0.00701104	0.17795	0	0	0	0	0.219977	0.47681	-0.969694	34.1875	3	57315	5784528
959	-1.54766	-0.0575065	9.45342	0.341386	-0.502794	0.721151	-0.0154905	-0.000593193	0.0945319	0.999999	-5.63523e-05	-7.8905e-05	0.000929447	-0.0112705	-0.015781	0.185889	0	0	0	0	0.218067	0.47296	-0.971791	34.1875	3	57318	5784828
960	-1.49265	-0.111539	9.75549	0.496991	-0.641464	0.996403	-0.0149281	-0.00114378	0.0975543	0.999999	-1.90935e-05	-2.07451e-05	0.00107555	-0.00381871	-0.00414903	0.215111	0	0	0	0	0.228541	0.474398	-0.975343	34.1875	3	57322	5785228
961	-1.12883	-0.589189	10.0213	0.643321	-0.912862	1.26313	-0.0112689	-0.00588807	0.100216	0.999999	-0.000156277	2.50911e-05	0.00121893	-0.0312555	0.00501822	0.243786	0	0	0	0	0.228745	0.46943	-0.970404	34.1875	3	57325	5785528
962	-2.17833	-0.0705697	9.57878	-0.181403	-1.08093	0.816321	-0.0217743	-0.000742216	0.0957896	0.999999	-0.000107101	3.7201e-05	0.00130946	-0.0214201	0.0074402	0.261892	0	0	0	0	0.234466	0.47183	-0.970882	34.1875	3	57328	5785828
963	-1.69615	-0.3511	9.42765	0.124259	-1.09368	0.659587	-0.0169482	-0.00354139	0.0942777	0.999999	-8.58463e-05	1.93549e-05	0.00137365	-0.0171693	0.00387098	0.274729	0	0	0	0	0.241737	0.472213	-0.968382	34.1875	3	57332	5786228
964	-2.14814	-0.37271	9.57986	0.131496	-1.27547	1.05604	-0.0214479	-0.00376605	0.0958046	0.999999	-0.000122365	0.000117901	0.00145355	-0.0244731	0.0235803	0.29071	0	0	0	0	0.243182	0.466898	-0.972042	34.1875	3	57335	5786528
965	-2.40821	0.0548371	9.43473	-0.236999	-1.15189	0.766736	-0.0240687	0.000488768	0.0943511	0.999999	-6.09916e-05	7.8828e-05	0.00147686	-0.0121983	0.0157656	0.295373	0	0	0	0	0.250955	0.468226	-0.968008	34.1875	3	57338	5786828
966	-1.6504	-0.614295	10.0621	0.604773	-1.35524	1.23842	-0.0164904	-0.00616104	0.100622	0.999999	-0.000174956	-3.12204e-05	0.00161544	-0.0349912	-0.00624408	0.323088	0	0	0	0	0.254325	0.462895	-0.971677	34.1875	3	57342	5787228
967	-1.32027	0.158826	10.0535	0.5175	-0.0371053	1.34617	-0.0132215	0.00155592	0.100533	0.999998	-5.6335e-05	-6.7392e-05	0.00165267	-0.011267	-0.0134784	0.330534	0	0	0	0	0.261961	0.461431	-0.975281	34.1875	3	57345	5787528
968	-1.83045	-0.254808	9.61497	0.445775	-0.769541	0.987626	-0.0182913	-0.00259952	0.0961509	0.999998	-6.78511e-05	2.18561e-05	0.00176217	-0.0135702	0.00437122	0.352435	0	0	0	0	0.263025	0.458939	-0.972816	34.1875	3	57348	5787828
969	-1.39941	0.169531	9.53379	0.306944	-0.590188	0.822356	-0.0140207	0.00166281	0.0953346	0.999998	-9.83204e-05	-0.00010705	0.0018292	-0.0196641	-0.02141	0.365841	0	0	0	0	0.27782	0.456494	-0.979504	34.1875	3	57352	5788228
970	-1.51671	-0.32887	9.19259	0.444342	-1.18802	0.488625	-0.0151883	-0.00333498	0.0919207	0.999998	-5.13391e-05	-0.000181367	0.00183574	-0.0102678	-0.0362734	0.367148	0	0	0	0	0.275121	0.452525	-0.974529	34.1875	3	57355	5788528
971	-0.803036	-0.224479	9.91249	0.95768	-0.245102	1.04991	-0.00805341	-0.00222034	0.0991235	0.999998	-0.000273259	-0.000157872	0.00184804	-0.0546519	-0.0315743	0.369608	0	0	0	0	0.286046	0.450608	-0.981693	34.1875	3	57358	5788828
972	-0.774797	-0.54055	9.92567	1.21138	-0.797744	1.13345	-0.00772881	-0.00542896	0.0992569	0.999998	-2.90483e-05	-6.58471e-06	0.00188855	-0.00580967	-0.00131694	0.37771	0	0	0	0	0.288614	0.443724	-0.979838	34.1875	3	57362	5789228
973	-0.766002	-0.617413	10.5538	1.34033	-0.233196	1.74602	-0.00761992	-0.00619134	0.10554	0.999998	-5.95244e-05	7.58347e-05	0.00194839	-0.0119049	0.0151669	0.389678	0	0	0	0	0.293783	0.44377	-0.984911	34.1875	3	57365	5789528
974	-1.54274	-0.0935198	9.55351	0.489103	-0.647166	0.675869	-0.0154551	-0.000967703	0.0955303	0.999998	-0.000158545	-0.000165185	0.00203344	-0.0317091	-0.033037	0.406688	0	0	0	0	0.301114	0.439771	-0.983014	34.1875	3	57368	5789828
975	-1.22228	-0.26411	9.45418	0.278652	-0.657771	0.713378	-0.0122105	-0.00265364	0.094543	0.999998	-0.000201878	7.11564e-06	0.00207547	-0.0403756	0.00142313	0.415095	0	0	0	0	0.304036	0.435385	-0.98464	34.1875	3	57372	5790228
976	-0.85787	-0.592294	10.0376	1.66623	-0.0771996	1.42691	-0.0085607	-0.00594055	0.100377	0.999997	-9.48761e-05	-3.66613e-05	0.00213815	-0.0189752	-0.00733226	0.427631	0	0	0	0	0.313221	0.430458	-0.986307	34.1875	3	57375	5790528
977	0.23787	-0.707748	10.5968	1.86489	-0.336811	1.6407	0.00241263	-0.0070254	0.105971	0.999997	-0.000195965	1.36091e-05	0.00220112	-0.039193	0.00272182	0.440225	0	0	0	0	0.31227	0.429012	-0.98684	34.1875	3	57378	5790828
978	-1.10136	-0.648025	9.3807	1.05187	-0.51321	0.497292	-0.0109862	-0.00649371	0.0938093	0.999998	-0.000182283	-3.56187e-06	0.00216633	-0.0364567	-0.000712375	0.433266	0	0	0	0	0.324824	0.425502	-0.987481	34.1875	3	57382	5791228
979	-0.368196	-0.545773	9.98031	1.2095	-0.384319	1.07611	-0.0036665	-0.00543554	0.0998049	0.999997	-0.000192621	-4.33263e-05	0.00221313	-0.0385242	-0.00866526	0.442626	0	0	0	0	0.324032	0.419603	-0.984578	34.1875	3	57385	5791528
980	-0.179715	0.285932	10.3563	0.851909	0.361533	1.31102	-0.00185848	0.00285469	0.103563	0.999997	-1.58386e-05	-0.000236381	0.00216401	-0.00316772	-0.0472762	0.432803	0	0	0	0	0.335011	0.416684	-0.990249	34.1875	3	57388	5791828
981	-0.404545	-0.554263	10.2622	1.55854	0.244295	1.58367	-0.00407107	-0.00552743	0.102621	0.999997	-0.000159485	-0.000241331	0.00215959	-0.0318971	-0.0482663	0.431918	0	0	0	0	0.336646	0.411713	-0.985822	34.1875	3	57392	5792228
982	-0.200633	-0.181586	10.0097	0.897934	-0.390979	0.796475	-0.00201839	-0.00180316	0.100097	0.999998	-0.000107927	-0.000100258	0.0022139	-0.0215854	-0.0200517	0.442781	0	0	0	0	0.338902	0.407465	-0.995018	34.1875	3	57395	5792528
983	-1.41605	-0.115205	8.99457	0.392993	-0.259916	0.1809	-0.0141723	-0.00118419	0.0899435	0.999997	-0.000178483	-9.53453e-05	0.00226764	-0.0356966	-0.0190691	0.453529	0	0	0	0	0.344951	0.406252	-0.984466	34.1875	3	57398	5792828
984	-1.03785	-0.891904	10.0638	1.44435	-0.848887	1.19726	-0.0103467	-0.00892602	0.100641	0.999997	-0.00019692	-4.14808e-05	0.0022497	-0.0393841	-0.00829616	0.44994	0	0	0	0	0.348283	0.399504	-0.990692	34.1875	3	57402	5793228
985	-0.148976	-0.469001	10.1437	1.28751	0.0110113	1.18223	-0.00149876	-0.00466121	0.101438	0.999997	-0.000174659	-0.0001467	0.00222061	-0.0349319	-0.0293401	0.444122	0	0	0	0	0.356125	0.398853	-0.985187	34.1875	3	57405	5793528
986	-0.254004	-0.808228	10.5358	1.97021	0.176644	1.85547	-0.00252871	-0.00805575	0.10536	0.999997	-0.000179971	-0.00011831	0.00224659	-0.0359942	-0.023662	0.449318	0	0	0	0	0.35806	0.393047	-0.988861	34.1875	3	57408	5793828
987	-1.13447	-0.920904	9.54202	1.43803	-0.744813	0.805517	-0.0113005	-0.00921912	0.0954245	0.999997	-0.000212153	1.63222e-05	0.00223339	-0.0424306	0.00326444	0.446678	0	0	0	0	0.368168	0.393441	-0.988393	34.1875	3	57412	5794228
988	-0.5447	-0.106623	9.72433	0.822531	-0.264903	0.747993	-0.00545069	-0.0010597	0.0972432	0.999998	-0.000158373	-4.33321e-05	0.0022264	-0.0316746	-0.00866643	0.445281	0	0	0	0	0.36643	0.386574	-0.985508	34.1875	3	57415	5794528
989	-0.999316	0.114471	9.4967	0.391788	-0.0335938	0.663569	-0.0100132	0.00113529	0.094965	0.999997	-0.000181507	-7.89857e-05	0.00219435	-0.0363015	-0.0157971	0.438871	0	0	0	0	0.376024	0.386034	-0.987079	34.1875	3	57418	5794828
990	-0.687551	-0.70127	10.5774	1.44888	-0.0840259	1.72922	-0.00686529	-0.00702978	0.105773	0.999998	-5.79077e-05	-9.33405e-05	0.00213473	-0.0115816	-0.0186681	0.426947	0	0	0	0	0.378148	0.380571	-0.982665	34.1875	3	57422	5795228
991	-0.543684	-0.564456	9.97539	1.51535	0.0032578	1.22701	-0.00542645	-0.00563544	0.099755	0.999998	-0.00015828	-6.47976e-05	0.00206721	-0.031656	-0.0129595	0.413441	0	0	0	0	0.383387	0.380084	-0.985225	34.1875	3	57425	5795528
992	-0.664118	-0.0422546	9.64938	0.878585	-0.151942	0.976979	-0.00665255	-0.000439941	0.0964929	0.999998	-4.62058e-05	-6.77684e-05	0.00197931	-0.00924117	-0.0135537	0.395863	0	0	0	0	0.386469	0.374135	-0.981331	34.1875	3	57428	5795828
993	-0.443725	-0.855089	9.93577	1.10963	-0.436212	0.737417	-0.00441925	-0.0085141	0.0993616	0.999998	-0.000270818	-7.44603e-05	0.00192169	-0.0541637	-0.0148921	0.384338	0	0	0	0	0.388348	0.374634	-0.982844	34.1875	3	57432	5796228
994	-1.41053	-0.925971	9.15132	1.12372	-1.14996	0.185032	-0.0140721	-0.00926789	0.0915175	0.999998	-0.000243859	-8.57194e-06	0.00187435	-0.0487718	-0.00171439	0.37487	0	0	0	0	0.399507	0.3711	-0.981459	34.1875	3	57435	5796528
995	-1.25398	-0.270522	9.3254	0.50587	-0.966445	0.317716	-0.0125301	-0.00271628	0.093255	0.999998	-0.000177046	9.94817e-07	0.0017581	-0.0354093	0.000198963	0.35162	0	0	0	0	0.399063	0.369632	-0.980984	34.1875	3	57438	5796828
996	-0.718215	-0.659087	9.62177	1.07841	-0.622171	0.678998	-0.00716244	-0.00660078	0.0962185	0.999999	-6.64278e-05	-5.96842e-06	0.00158158	-0.0132856	-0.00119369	0.316317	0	0	0	0	0.409667	0.367602	-0.981583	34.1875	3	57442	5797228
997	-1.28535	0.0412655	9.20741	-0.0373249	-0.658511	0.21114	-0.0128569	0.000391625	0.0920737	0.999999	-8.22212e-05	-1.19421e-05	0.00140682	-0.0164442	-0.00238842	0.281365	0	0	0	0	0.408829	0.36752	-0.976531	34.1875	3	57445	5797528
998	-1.70319	0.229966	8.9164	0.128641	-1.21256	0.00245571	-0.0170148	0.0022656	0.0891682	0.999999	-3.65378e-05	0.000126765	0.00119156	-0.00730756	0.025353	0.238312	0	0	0	0	0.415922	0.36755	-0.981614	34.1875	3	57448	5797828
999	-1.1734	-0.297221	9.38691	0.961475	-0.784371	0.685711	-0.0117184	-0.00299705	0.0938703	0.999999	1.52534e-05	5.32211e-05	0.000936682	0.00305068	0.0106442	0.187336	0	0	0	0	0.418063	0.364002	-0.975136	34.1875	3	57452	5798228
1000	0.0277537	-0.512958	10.5063	1.81053	0.386033	1.60086	0.000274964	-0.00514102	0.105062	1	5.64285e-05	-4.93828e-05	0.00075986	0.0112857	-0.00987656	0.151972	0	0	0	0	0.420346	0.366963	-0.978112	34.1875	3	57455	5798528
1001	-0.51171	-0.330082	10.2107	1.0068	0.403215	1.3421	-0.00514317	-0.00329875	0.102106	1	-4.35479e-05	-0.000149117	0.00066486	-0.00870959	-0.0298235	0.132972	0	0	0	0	0.424859	0.359566	-0.975771	34.1875	3	57458	5798828
1002	0.498194	-0.127615	10.8044	1.55167	0.904356	1.81439	0.00497457	-0.00130637	0.108044	1	0.000162727	-4.00336e-05	0.000496739	0.0325455	-0.00800672	0.0993479	0	0	0	0	0.424206	0.362586	-0.980752	34.1875	3	57462	5799228
1003	-0.128163	0.144394	10.0121	0.572709	0.374418	0.945778	-0.00129648	0.00144644	0.10012	1	-1.67215e-05	-6.9425e-05	0.000328212	-0.00334431	-0.013885	0.0656424	0	0	0	0	0.429527	0.360112	-0.981337	34.1875	3	57465	5799528
1004	-0.647391	-0.131686	9.50976	0.617998	-0.221672	0.439066	-0.00648612	-0.00132876	0.0950966	1	5.63521e-05	-6.54977e-05	9.1213e-05	0.0112704	-0.0130995	0.0182426	0	0	0	0	0.42611	0.361622	-0.982297	34.1875	3	57468	5799828
1005	0.181297	-0.601771	10.8519	1.73913	0.632191	1.91192	0.00182362	-0.00603792	0.108518	1	8.90963e-05	6.24134e-05	-0.000239975	0.0178193	0.0124827	-0.047995	0	0	0	0	0.433216	0.363088	-0.985833	34.1875	3	57472	5800228
1006	-0.344214	0.00305789	9.95556	0.823386	0.274232	1.06297	-0.00344548	3.03015e-05	0.0995555	1	1.56791e-05	-1.68966e-05	-0.000412993	0.00313581	-0.00337933	-0.0825986	0	0	0	0	0.426698	0.361058	-0.978272	34.1875	3	57475	5800528
1007	-0.215538	0.739322	10.1442	0.399055	0.816972	1.46817	-0.00213055	0.00735776	0.101445	1	0.00018748	7.8633e-05	-0.000601607	0.037496	0.0157266	-0.120322	0	0	0	0	0.432287	0.364036	-0.983787	34.1875	3	57478	5800828
1008	-0.617149	-0.611225	9.89659	1.29247	-0.179999	0.995235	-0.00618289	-0.00611914	0.0989648	1	8.23527e-05	-1.05505e-05	-0.000761481	0.0164706	-0.0021101	-0.152296	0	0	0	0	0.428504	0.363056	-0.981771	34.1875	3	57482	5801228
1009	-0.460987	-0.98492	9.93847	2.21982	-0.0703194	1.38503	-0.00460374	-0.00989076	0.0993809	0.999999	0.000251637	0.000122005	-0.000918114	0.0503274	0.024401	-0.183623	0	0	0	0	0.424895	0.368079	-0.988209	34.1875	3	57485	5801528
1010	-0.3358	0.835167	9.83329	0.163663	0.722401	1.11741	-0.00333368	0.00832662	0.0983359	0.999999	0.000163081	3.46451e-05	-0.00104926	0.0326163	0.00692902	-0.209852	0	0	0	0	0.423106	0.366551	-0.983689	34.1875	3	57488	5801828
1011	-0.543902	0.31417	9.5915	0.557725	0.195843	0.696768	-0.0054467	0.00312964	0.095915	0.999999	0.000132023	-7.98417e-05	-0.00121895	0.0264045	-0.0159683	-0.24379	0	0	0	0	0.417189	0.368631	-0.988161	34.1875	3	57492	5802228
1012	-0.616082	-0.2707	9.39423	1.41625	-0.274096	0.40481	-0.00618374	-0.00273669	0.0939399	0.999999	0.000246667	-8.28933e-05	-0.00134895	0.0493334	-0.0165787	-0.26979	0	0	0	0	0.419065	0.372987	-0.987063	34.1875	3	57495	5802528
1013	-0.574552	-0.322379	9.50095	1.43069	-0.149753	0.657279	-0.00576599	-0.00324626	0.0950075	0.999999	0.00020504	-5.89812e-05	-0.00143186	0.041008	-0.0117963	-0.286371	0	0	0	0	0.410792	0.373606	-0.990546	34.1875	3	57498	5802828
1014	-0.465057	0.137508	9.76459	0.846964	0.15858	0.947719	-0.00464466	0.00136712	0.0976463	0.999999	0.000111764	9.29424e-06	-0.00149154	0.0223528	0.00185885	-0.298308	0	0	0	0	0.413104	0.378472	-0.990954	34.1875	3	57502	5803228
1015	-0.317035	0.203941	9.68026	0.627008	0.260663	0.906111	-0.00317395	0.00201342	0.0968031	0.999999	0.000184815	-5.0895e-05	-0.00154296	0.036963	-0.010179	-0.308592	0	0	0	0	0.402081	0.381906	-0.986786	34.1875	3	57505	5803528
1016	-0.0798069	-0.194467	10.2723	1.41876	0.311544	1.37841	-0.000813888	-0.00198679	0.102723	0.999999	0.00021721	-4.71815e-05	-0.001558	0.043442	-0.0094363	-0.311601	0	0	0	0	0.403349	0.385878	-0.991249	34.1875	3	57508	5803828
1017	-0.197226	0.136404	9.67383	0.863699	0.264725	0.741719	-0.00197609	0.00132982	0.0967387	0.999999	0.000208821	-4.15696e-05	-0.0015658	0.0417643	-0.00831392	-0.313161	0	0	0	0	0.397112	0.38929	-0.988114	34.1875	3	57512	5804228
1018	-0.409913	-0.1479	9.59243	1.03245	-0.205824	0.663216	-0.00408266	-0.00151562	0.0959244	0.999999	0.000256275	0.000109796	-0.00153304	0.051255	0.0219591	-0.306609	0	0	0	0	0.39018	0.393826	-0.993032	34.1875	3	57515	5804528
1019	-0.402982	0.525374	10.1184	0.501978	0.414538	1.0845	-0.00397903	0.00523873	0.101187	0.999999	0.000132559	0.000174448	-0.00147599	0.0265118	0.0348895	-0.295198	0	0	0	0	0.386969	0.396149	-0.984885	34.1875	3	57518	5804828
1020	-0.223092	-0.433127	10.327	1.60894	-0.0102579	1.49753	-0.00224018	-0.00433556	0.103269	0.999999	5.22257e-05	1.61787e-05	-0.00145406	0.0104451	0.00323573	-0.290812	0	0	0	0	0.380058	0.400188	-0.989309	34.1875	3	57522	5805228
1021	-0.214833	0.225467	9.94301	0.992839	0.411815	1.10494	-0.00216179	0.00223677	0.0994302	0.999999	0.000120299	-9.92714e-05	-0.00139709	0.0240598	-0.0198543	-0.279419	0	0	0	0	0.383827	0.407924	-0.987134	34.1875	3	57525	5805528
1022	-0.32988	-0.129755	10.1575	1.17415	0.224897	1.23776	-0.0033125	-0.00131812	0.101574	0.999999	0.000146651	-4.94648e-05	-0.00139495	0.0293303	-0.00989296	-0.27899	0	0	0	0	0.374241	0.406532	-0.986615	34.1875	3	57528	5805828
1023	-0.698574	-0.0341718	9.72368	1.00563	-0.446989	0.813452	-0.00698302	-0.000348612	0.0972369	0.999999	0.000130969	1.87174e-05	-0.00132976	0.0261938	0.00374349	-0.265953	0	0	0	0	0.373125	0.414362	-0.987446	34.1875	3	57532	5806228
1024	-0.372876	0.227147	10.1117	0.808898	0.436675	1.3539	-0.00371714	0.00224293	0.101118	0.999999	0.000189756	2.80309e-05	-0.00131955	0.0379511	0.00560618	-0.263911	0	0	0	0	0.364058	0.414384	-0.984374	34.1875	3	57535	5806528
1025	-0.627067	-0.140924	9.95726	0.86362	0.140737	1.19012	-0.00627328	-0.00139957	0.0995726	0.999999	3.08908e-05	4.70429e-06	-0.00126197	0.00617817	0.000940859	-0.252395	0	0	0	0	0.367777	0.420711	-0.98526	34.1875	3	57538	5806828
1026	-1.01079	0.280705	9.46577	0.598984	-0.295944	0.669374	-0.0100831	0.00279096	0.0946608	0.999999	0.000229947	9.07001e-05	-0.0013591	0.0459893	0.01814	-0.271819	0	0	0	0	0.36064	0.424087	-0.979597	34.1875	3	57542	5807228
1027	-0.494381	-0.139996	10.2124	1.1629	-0.0772375	1.3024	-0.0049312	-0.00140725	0.102125	0.999999	9.81227e-05	7.94853e-05	-0.00129192	0.0196245	0.0158971	-0.258383	0	0	0	0	0.355143	0.427653	-0.985553	34.1875	3	57545	5807528
1028	-1.07369	-0.059291	9.42968	0.669906	-0.518948	0.63979	-0.0107224	-0.000593454	0.0942985	0.999999	0.000147829	8.48301e-05	-0.00127385	0.0295658	0.016966	-0.25477	0	0	0	0	0.352911	0.430437	-0.976389	34.1875	3	57548	5807828
1029	-0.790077	0.380972	9.55879	0.519111	-0.160047	0.663543	-0.00789103	0.00381109	0.0955886	0.999999	0.000104094	-2.75357e-06	-0.00134717	0.0208189	-0.000550714	-0.269433	0	0	0	0	0.346539	0.435394	-0.977765	34.1875	3	57552	5808228
1030	-1.03638	2.12082	9.59091	0.0398684	0.581098	0.782464	-0.0103004	0.0212261	0.0959119	0.999999	6.7236e-05	5.51848e-07	-0.00149144	0.0134472	0.00011037	-0.298289	0	0	0	0	0.348358	0.440274	-0.978675	34.1875	3	57555	5808528
1031	0.41043	-1.16175	9.84394	2.38633	0.683296	1.02394	0.00406505	-0.0116265	0.09844	0.999999	-1.62049e-05	-2.35374e-05	-0.00148905	-0.00324098	-0.00470748	-0.29781	0	0	0	0	0.341537	0.443284	-0.980092	34.1875	3	57558	5808828
1032	-1.19158	-0.100451	9.23373	0.665764	-0.646059	0.480132	-0.0118988	-0.00101654	0.0923394	0.999999	0.000264239	0.000109403	-0.00154397	0.0528478	0.0218806	-0.308794	0	0	0	0	0.338093	0.448668	-0.979451	34.1875	3	57562	5809228
1033	-0.843824	-0.161286	9.49138	1.01999	-0.104251	0.610872	-0.00842569	-0.00162068	0.0949148	0.999999	0.000174218	9.16342e-05	-0.00149741	0.0348437	0.0183268	-0.299482	0	0	0	0	0.331481	0.451524	-0.972286	34.1875	3	57565	5809528
1034	-0.803806	-0.397233	9.70766	1.21166	-0.593204	0.716535	-0.00804425	-0.0039861	0.0970755	0.999999	0.000191779	2.79192e-05	-0.00145934	0.0383557	0.00558385	-0.291869	0	0	0	0	0.333226	0.456458	-0.976225	34.1875	3	57568	5809828
1035	-0.48628	0.441675	9.66132	0.69281	0.29862	0.78344	-0.00485035	0.00439665	0.0966147	0.999999	0.000177745	-2.45452e-06	-0.00146686	0.035549	-0.000490903	-0.293373	0	0	0	0	0.327572	0.455937	-0.971665	34.1875	3	57572	5810228
1036	-0.636278	-0.30979	9.69509	1.13148	-0.547527	0.771511	-0.00638049	-0.00310522	0.0969495	0.999999	0.000133844	-4.45499e-05	-0.00146216	0.0267688	-0.00890998	-0.292432	0	0	0	0	0.323087	0.460905	-0.974564	34.1875	3	57575	5810528
1034	-0.648459	-0.0102303	9.87608	0.981165	-0.155994	1.00378	-0.00648773	-0.000120096	0.0987606	0.999999	0.000184623	-1.42875e-05	-0.00143954	0.0369246	-0.0028575	-0.287908	0	0	0	0	0.319798	0.461358	-0.971004	34.1875	3	57578	5810828
1038	-0.760446	-0.0628317	9.95776	0.848338	-0.327436	1.03479	-0.00760178	-0.000637588	0.0995777	0.999999	0.000154518	2.24709e-05	-0.00141404	0.0309035	0.00449419	-0.282807	0	0	0	0	0.314378	0.462458	-0.9755	34.1875	3	57582	5811228
1039	-0.170522	0.0743012	9.9916	1.24562	0.130234	1.17282	-0.00170565	0.000709332	0.0999162	0.999999	0.000192221	-1.22584e-05	-0.00138733	0.0384441	-0.00245168	-0.277466	0	0	0	0	0.313955	0.464829	-0.971405	34.1875	3	57585	5811528
1040	-0.724322	-0.0529976	9.71893	0.942876	-0.446305	0.73691	-0.00726476	-0.000555167	0.0971875	0.999999	0.000231962	-0.000103197	-0.00137146	0.0463924	-0.0206394	-0.274292	0	0	0	0	0.305715	0.466388	-0.972847	34.1875	3	57588	5811828
1041	-0.225534	0.0422246	9.99375	1.16974	0.0623405	1.11189	-0.00225935	0.000398797	0.0999376	0.999999	0.000147551	-2.55639e-05	-0.00133843	0.0295101	-0.00511279	-0.267686	0	0	0	0	0.308398	0.471331	-0.9778	34.1875	3	57592	5812228
1042	-0.677218	0.143441	9.84703	0.861566	-0.0629025	1.06603	-0.00677063	0.00140909	0.0984708	0.999999	0.000219398	-1.1209e-05	-0.00132146	0.0438797	-0.00224181	-0.264291	0	0	0	0	0.299853	0.470356	-0.973742	34.1875	3	57595	5812528
1043	-0.774284	-0.0839316	9.96311	0.947869	-0.229341	1.02465	-0.00774338	-0.000841136	0.099631	0.999999	0.00011002	8.21184e-06	-0.00129808	0.0220041	0.00164237	-0.259617	0	0	0	0	0.299816	0.471828	-0.974214	34.1875	3	57598	5812828
1044	-0.193971	0.13293	10.1964	1.31597	0.212269	1.43453	-0.00193425	0.00129023	0.101965	0.999999	0.000216046	1.01976e-05	-0.00128772	0.0432093	0.00203953	-0.257544	0	0	0	0	0.294549	0.473299	-0.972137	34.1875	3	57602	5813228
1045	-1.04705	0.373947	10.0452	0.457315	-0.318471	1.11026	-0.0104731	0.0037405	0.100452	0.999999	0.000127937	-6.03581e-05	-0.0012761	0.0255875	-0.0120716	-0.255221	0	0	0	0	0.291013	0.473932	-0.978672	34.1875	3	57605	5813528
1046	-1.17644	-0.144282	9.59972	0.743593	-0.723117	0.791407	-0.0117755	-0.00144968	0.0959958	0.999999	0.000195097	-3.79631e-05	-0.00129976	0.0390193	-0.00759262	-0.259952	0	0	0	0	0.287879	0.473789	-0.969065	34.1875	3	57608	5813828
1047	-0.853244	-0.120632	9.66487	0.908997	-0.577518	0.79397	-0.00853761	-0.00121142	0.0966482	0.999999	0.00014019	-1.06221e-05	-0.00128824	0.028038	-0.00212442	-0.257649	0	0	0	0	0.28378	0.474968	-0.978616	34.1875	3	57611	5814128
1048	-0.484588	-0.195931	9.87743	1.32087	-0.301051	1.06288	-0.00484774	-0.00197984	0.0987738	0.999999	0.000166605	1.60508e-05	-0.00127803	0.0333211	0.00321017	-0.255606	0	0	0	0	0.281358	0.477409	-0.97754	34.1875	3	57615	5814528
1049	-0.0505316	0.0581183	10.4699	1.46641	0.176859	1.49589	-0.000498719	0.000526599	0.1047	0.999999	0.000266753	2.47871e-05	-0.00126932	0.0533505	0.00495742	-0.253865	0	0	0	0	0.272796	0.473073	-0.976587	34.1875	3	57618	5814828
1050	-0.618191	0.0798627	9.54146	1.03089	-0.237775	0.664501	-0.00618326	0.000760131	0.0954148	0.999999	0.000285077	-1.75329e-05	-0.00128633	0.0570154	-0.00350657	-0.257266	0	0	0	0	0.274084	0.476547	-0.980556	34.1875	3	57622	5815228
1051	-0.801214	-0.149989	9.55402	1.0655	-0.45914	0.86089	-0.0080167	-0.00152088	0.0955395	0.999999	0.000216987	-3.66382e-06	-0.00127697	0.0433974	-0.000732763	-0.255394	0	0	0	0	0.26787	0.47416	-0.980581	34.1875	3	57625	5815528
1052	-0.649553	-0.176136	9.61586	1.11338	-0.439879	0.820771	-0.00650262	-0.00178971	0.0961576	0.999999	0.000232493	-1.36373e-05	-0.00125858	0.0464985	-0.00272747	-0.251715	0	0	0	0	0.266291	0.475717	-0.985084	34.1875	3	57628	5815828
1053	-0.97934	0.461512	9.7578	0.4848	-0.221324	0.784745	-0.00977967	0.00460243	0.09758	0.999999	0.000191456	1.07947e-05	-0.00126069	0.0382912	0.00215895	-0.252138	0	0	0	0	0.259259	0.475642	-0.977478	34.1875	3	57632	5816228
1054	-0.112086	-0.0750673	9.70566	1.41736	-0.0901119	0.870798	-0.00112739	-0.000781068	0.0970563	0.999999	0.000171691	-2.3341e-05	-0.0013045	0.0343382	-0.00466821	-0.2609	0	0	0	0	0.255139	0.475872	-0.988565	34.1875	3	57635	5816528
1055	-1.38877	0.175742	9.62492	0.304717	-0.786778	0.746851	-0.0138906	0.00175882	0.0962487	0.999999	0.000165687	-3.69695e-05	-0.00119851	0.0331373	-0.0073939	-0.239703	0	0	0	0	0.251878	0.476785	-0.983479	34.1875	3	57638	5816828
1056	-0.660999	-0.250156	9.56141	1.16372	-0.568098	0.685864	-0.00662328	-0.00252301	0.0956126	0.999999	0.000194034	-3.84119e-05	-0.00118342	0.0388069	-0.00768238	-0.236685	0	0	0	0	0.245051	0.473535	-0.98958	34.1875	3	57642	5817228
1057	-0.0341874	0.174913	9.90301	1.29905	0.00637203	0.980129	-0.000340741	0.00170866	0.0990309	0.999999	0.000208192	-1.3848e-05	-0.00112087	0.0416384	-0.00276961	-0.224175	0	0	0	0	0.244591	0.475933	-0.987	34.1875	3	57645	5817528
1058	-0.249538	0.103685	9.82987	1.12791	-0.0256222	0.94354	-0.00248679	0.0010158	0.0982991	0.999999	0.000134612	3.23721e-05	-0.00108685	0.0269225	0.00647442	-0.217371	0	0	0	0	0.23777	0.477497	-0.989459	34.1875	3	57648	5817828
1059	-0.520572	0.298138	9.99441	1.42784	-0.725608	1.14731	-0.00520793	0.00294988	0.099945	0.999999	0.000213263	-4.27509e-05	-0.00106892	0.0426525	-0.00855018	-0.213785	0	0	0	0	0.235265	0.476144	-0.994528	34.1875	3	57652	5818228
1060	-0.761433	-0.083626	9.49914	1.30056	-1.02513	0.655679	-0.00762833	-0.000848959	0.0949902	0.999999	0.000154739	-6.3961e-05	-0.00109555	0.0309478	-0.0127922	-0.21911	0	0	0	0	0.229725	0.47313	-0.986993	34.1875	3	57655	5818528
1061	-0.769239	-0.311587	9.53471	1.66063	-0.949128	0.642292	-0.00768525	-0.00314194	0.0953468	0.999999	0.000222608	7.24218e-05	-0.00106518	0.0445216	0.0144844	-0.213035	0	0	0	0	0.229031	0.475699	-0.994004	34.1875	3	57658	5818828
1062	-0.654702	0.0969966	9.70601	1.16126	-0.243632	0.962067	-0.00654644	0.000954854	0.0970603	0.999999	0.000146311	-7.10702e-06	-0.00101497	0.0292623	-0.0014214	-0.202994	0	0	0	0	0.225257	0.477122	-0.989914	34.1875	3	57662	5819228
1063	0.0603416	0.494364	9.89291	1.18824	-0.142503	1.04915	0.000622438	0.00493567	0.0989294	0.999999	3.38792e-05	4.44772e-05	-0.00103466	0.00677583	0.00889545	-0.206931	0	0	0	0	0.222218	0.476776	-0.996474	34.1875	3	57665	5819528
1064	-0.286904	-0.237379	9.95049	1.29194	-0.276192	1.01975	-0.00288335	-0.00239552	0.099504	0.999999	0.000138522	-4.75866e-05	-0.00101532	0.0277045	-0.00951732	-0.203063	0	0	0	0	0.218044	0.476216	-0.990406	34.1875	3	57668	5819828
1065	-0.262159	0.0332169	9.93456	1.50654	-0.27576	1.00262	-0.00261503	0.000307949	0.0993459	0.999999	0.000147318	2.99033e-05	-0.000964595	0.0294636	0.00598065	-0.192919	0	0	0	0	0.212653	0.476332	-0.994419	34.1875	3	57672	5820228
1066	0.0361724	-0.146127	9.98913	1.65539	-0.417732	1.13421	0.000362696	-0.00148788	0.0998909	0.999999	0.000129923	1.80961e-05	-0.000896057	0.0259845	0.00361921	-0.179212	0	0	0	0	0.213546	0.481193	-0.99381	34.1875	3	57675	5820528
1067	-0.167144	-0.272272	9.89453	1.23526	-0.1123	0.976802	-0.00166635	-0.00274478	0.0989448	1	0.000125494	4.87007e-05	-0.000832205	0.0250989	0.00974015	-0.166441	0	0	0	0	0.206781	0.477897	-0.997388	34.1875	3	57678	5820828
1068	-0.500727	0.427374	9.87216	1.02124	-0.197623	0.909254	-0.00499572	0.00427213	0.0987223	1	4.64708e-05	2.57594e-05	-0.000756247	0.00929417	0.00515189	-0.151249	0	0	0	0	0.207271	0.478851	-0.996359	34.1875	3	57682	5821228
1069	-0.410463	-0.321362	9.78561	1.46539	-0.577576	0.883779	-0.00409579	-0.003216	0.0978564	1	3.84997e-05	6.58177e-05	-0.000628685	0.00769994	0.0131635	-0.125737	0	0	0	0	0.202974	0.481272	-0.993255	34.1875	3	57685	5821528