2025-08-02 14:13:29,505 - INFO - [INFO] Waiting for TCP connection...
2025-08-02 14:13:29,547 - INFO - [INFO] TCP Connected!
2025-08-02 14:13:30,063 - INFO - 
--- Frame Update #1 ---
2025-08-02 14:13:30,063 - INFO - [ICP] Ticp (Environment Transform):
[[ 1.00000000e+00 -2.44902251e-16  7.63278329e-17]
 [ 2.44902251e-16  1.00000000e+00  1.11022302e-16]
 [ 0.00000000e+00  0.00000000e+00  1.00000000e+00]]
2025-08-02 14:13:30,063 - INFO - [EGO] Tego (Ego-Motion Transform):
[[ 1.00000000e+00  2.44902251e-16 -7.63278329e-17]
 [-2.44902251e-16  1.00000000e+00 -1.11022302e-16]
 [ 0.00000000e+00  0.00000000e+00  1.00000000e+00]]
2025-08-02 14:13:30,063 - INFO - [EGO] Cumulative Ego Transform:
[[ 1.00000000e+00  2.44902251e-16 -7.63278329e-17]
 [-2.44902251e-16  1.00000000e+00 -1.11022302e-16]
 [ 0.00000000e+00  0.00000000e+00  1.00000000e+00]]
2025-08-02 14:13:30,063 - INFO - [Distance] Step=0.0000 m | Cumulative=0.0000 m
2025-08-02 14:13:30,132 - INFO - 
--- Frame Update #2 ---
2025-08-02 14:13:30,132 - INFO - [ICP] Ticp (Environment Transform):
[[ 1.00000000e+00 -2.44902251e-16  7.63278329e-17]
 [ 2.44902251e-16  1.00000000e+00  1.11022302e-16]
 [ 0.00000000e+00  0.00000000e+00  1.00000000e+00]]
2025-08-02 14:13:30,133 - INFO - [EGO] Tego (Ego-Motion Transform):
[[ 1.00000000e+00  2.44902251e-16 -7.63278329e-17]
 [-2.44902251e-16  1.00000000e+00 -1.11022302e-16]
 [ 0.00000000e+00  0.00000000e+00  1.00000000e+00]]
2025-08-02 14:13:30,133 - INFO - [EGO] Cumulative Ego Transform:
[[ 1.00000000e+00  4.89804502e-16 -1.52655666e-16]
 [-4.89804502e-16  1.00000000e+00 -2.22044605e-16]
 [ 0.00000000e+00  0.00000000e+00  1.00000000e+00]]
2025-08-02 14:13:30,133 - INFO - History Product (Validation): [[ 1.00000000e+00  4.89804502e-16 -1.52655666e-16]
 [-4.89804502e-16  1.00000000e+00 -2.22044605e-16]
 [ 0.00000000e+00  0.00000000e+00  1.00000000e+00]]
2025-08-02 14:13:30,133 - INFO - [Distance] Step=0.0000 m | Cumulative=0.0000 m
2025-08-02 14:13:30,198 - INFO - 
--- Frame Update #3 ---
2025-08-02 14:13:30,199 - INFO - [ICP] Ticp (Environment Transform):
[[ 1.00000000e+00  1.97845934e-16 -2.35922393e-16]
 [-1.97845934e-16  1.00000000e+00 -3.33066907e-16]
 [ 0.00000000e+00  0.00000000e+00  1.00000000e+00]]
2025-08-02 14:13:30,199 - INFO - [EGO] Tego (Ego-Motion Transform):
[[ 1.00000000e+00 -1.97845934e-16  2.35922393e-16]
 [ 1.97845934e-16  1.00000000e+00  3.33066907e-16]
 [ 0.00000000e+00  0.00000000e+00  1.00000000e+00]]
2025-08-02 14:13:30,199 - INFO - [EGO] Cumulative Ego Transform:
[[ 1.00000000e+00  2.91958568e-16  8.32667268e-17]
 [-2.91958568e-16  1.00000000e+00  1.11022302e-16]
 [ 0.00000000e+00  0.00000000e+00  1.00000000e+00]]
2025-08-02 14:13:30,199 - INFO - History Product (Validation): [[ 1.00000000e+00  2.91958568e-16  8.32667268e-17]
 [-2.91958568e-16  1.00000000e+00  1.11022302e-16]
 [ 0.00000000e+00  0.00000000e+00  1.00000000e+00]]
2025-08-02 14:13:30,199 - INFO - [Distance] Step=0.0000 m | Cumulative=0.0000 m
2025-08-02 14:13:30,258 - INFO - 
--- Frame Update #4 ---
2025-08-02 14:13:30,258 - INFO - [ICP] Ticp (Environment Transform):
[[ 1.00000000e+00 -2.31260999e-16  6.59194921e-17]
 [ 2.31260999e-16  1.00000000e+00  0.00000000e+00]
 [ 0.00000000e+00  0.00000000e+00  1.00000000e+00]]
2025-08-02 14:13:30,258 - INFO - [EGO] Tego (Ego-Motion Transform):
[[ 1.00000000e+00  2.31260999e-16 -6.59194921e-17]
 [-2.31260999e-16  1.00000000e+00  1.52446076e-32]
 [ 0.00000000e+00  0.00000000e+00  1.00000000e+00]]
2025-08-02 14:13:30,258 - INFO - [EGO] Cumulative Ego Transform:
[[ 1.00000000e+00  5.23219567e-16  1.73472348e-17]
 [-5.23219567e-16  1.00000000e+00  1.11022302e-16]
 [ 0.00000000e+00  0.00000000e+00  1.00000000e+00]]
2025-08-02 14:13:30,258 - INFO - History Product (Validation): [[ 1.00000000e+00  5.23219567e-16  1.73472348e-17]
 [-5.23219567e-16  1.00000000e+00  1.11022302e-16]
 [ 0.00000000e+00  0.00000000e+00  1.00000000e+00]]
2025-08-02 14:13:30,258 - INFO - [Distance] Step=0.0000 m | Cumulative=0.0000 m
2025-08-02 14:13:30,320 - INFO - 
--- Frame Update #5 ---
2025-08-02 14:13:30,320 - INFO - [ICP] Ticp (Environment Transform):
[[ 1.00000000e+00  5.18124177e-17 -1.70002901e-16]
 [-5.18124177e-17  1.00000000e+00  0.00000000e+00]
 [ 0.00000000e+00  0.00000000e+00  1.00000000e+00]]
2025-08-02 14:13:30,320 - INFO - [EGO] Tego (Ego-Motion Transform):
[[ 1.00000000e+00 -5.18124177e-17  1.70002901e-16]
 [ 5.18124177e-17  1.00000000e+00  8.80826129e-33]
 [ 0.00000000e+00  0.00000000e+00  1.00000000e+00]]
2025-08-02 14:13:30,320 - INFO - [EGO] Cumulative Ego Transform:
[[ 1.00000000e+00  4.71407149e-16  1.87350135e-16]
 [-4.71407149e-16  1.00000000e+00  1.11022302e-16]
 [ 0.00000000e+00  0.00000000e+00  1.00000000e+00]]
2025-08-02 14:13:30,320 - INFO - History Product (Validation): [[ 1.00000000e+00  4.71407149e-16  1.87350135e-16]
 [-4.71407149e-16  1.00000000e+00  1.11022302e-16]
 [ 0.00000000e+00  0.00000000e+00  1.00000000e+00]]
2025-08-02 14:13:30,320 - INFO - [Distance] Step=0.0000 m | Cumulative=0.0000 m
2025-08-02 14:13:30,381 - INFO - 
--- Frame Update #6 ---
2025-08-02 14:13:30,381 - INFO - [ICP] Ticp (Environment Transform):
[[ 1.00000000e+00  1.46250082e-16 -1.35308431e-16]
 [-1.46250082e-16  1.00000000e+00 -2.22044605e-16]
 [ 0.00000000e+00  0.00000000e+00  1.00000000e+00]]
2025-08-02 14:13:30,382 - INFO - [EGO] Tego (Ego-Motion Transform):
[[ 1.00000000e+00 -1.46250082e-16  1.35308431e-16]
 [ 1.46250082e-16  1.00000000e+00  2.22044605e-16]
 [ 0.00000000e+00  0.00000000e+00  1.00000000e+00]]
2025-08-02 14:13:30,382 - INFO - [EGO] Cumulative Ego Transform:
[[ 1.00000000e+00  3.25157067e-16  3.22658567e-16]
 [-3.25157067e-16  1.00000000e+00  3.33066907e-16]
 [ 0.00000000e+00  0.00000000e+00  1.00000000e+00]]
2025-08-02 14:13:30,382 - INFO - History Product (Validation): [[ 1.00000000e+00  3.25157067e-16  3.22658567e-16]
 [-3.25157067e-16  1.00000000e+00  3.33066907e-16]
 [ 0.00000000e+00  0.00000000e+00  1.00000000e+00]]
2025-08-02 14:13:30,382 - INFO - [Distance] Step=0.0000 m | Cumulative=0.0000 m
2025-08-02 14:13:30,445 - INFO - 
--- Frame Update #7 ---
2025-08-02 14:13:30,445 - INFO - [ICP] Ticp (Environment Transform):
[[ 1.00000000e+00 -9.62373883e-17  1.11022302e-16]
 [ 9.62373883e-17  1.00000000e+00  1.11022302e-16]
 [ 0.00000000e+00  0.00000000e+00  1.00000000e+00]]
2025-08-02 14:13:30,445 - INFO - [EGO] Tego (Ego-Motion Transform):
[[ 1.00000000e+00  9.62373883e-17 -1.11022302e-16]
 [-9.62373883e-17  1.00000000e+00 -1.11022302e-16]
 [ 0.00000000e+00  0.00000000e+00  1.00000000e+00]]
2025-08-02 14:13:30,445 - INFO - [EGO] Cumulative Ego Transform:
[[ 1.00000000e+00  4.21394455e-16  2.11636264e-16]
 [-4.21394455e-16  1.00000000e+00  2.22044605e-16]
 [ 0.00000000e+00  0.00000000e+00  1.00000000e+00]]
2025-08-02 14:13:30,445 - INFO - History Product (Validation): [[ 1.00000000e+00  4.21394455e-16  2.11636264e-16]
 [-4.21394455e-16  1.00000000e+00  2.22044605e-16]
 [ 0.00000000e+00  0.00000000e+00  1.00000000e+00]]
2025-08-02 14:13:30,445 - INFO - [Distance] Step=0.0000 m | Cumulative=0.0000 m
2025-08-02 14:13:30,508 - INFO - 
--- Frame Update #8 ---
2025-08-02 14:13:30,508 - INFO - [ICP] Ticp (Environment Transform):
[[ 1.00000000e+00 -9.62373883e-17  1.11022302e-16]
 [ 9.62373883e-17  1.00000000e+00  1.11022302e-16]
 [ 0.00000000e+00  0.00000000e+00  1.00000000e+00]]
2025-08-02 14:13:30,509 - INFO - [EGO] Tego (Ego-Motion Transform):
[[ 1.00000000e+00  9.62373883e-17 -1.11022302e-16]
 [-9.62373883e-17  1.00000000e+00 -1.11022302e-16]
 [ 0.00000000e+00  0.00000000e+00  1.00000000e+00]]
2025-08-02 14:13:30,509 - INFO - [EGO] Cumulative Ego Transform:
[[ 1.00000000e+00  5.17631843e-16  1.00613962e-16]
 [-5.17631843e-16  1.00000000e+00  1.11022302e-16]
 [ 0.00000000e+00  0.00000000e+00  1.00000000e+00]]
2025-08-02 14:13:30,509 - INFO - History Product (Validation): [[ 1.00000000e+00  5.17631843e-16  1.00613962e-16]
 [-5.17631843e-16  1.00000000e+00  1.11022302e-16]
 [ 0.00000000e+00  0.00000000e+00  1.00000000e+00]]
2025-08-02 14:13:30,509 - INFO - [Distance] Step=0.0000 m | Cumulative=0.0000 m
2025-08-02 14:13:30,576 - INFO - 
--- Frame Update #9 ---
2025-08-02 14:13:30,576 - INFO - [ICP] Ticp (Environment Transform):
[[ 1.00000000e+00  1.01593440e-16  5.29090660e-17]
 [-1.01593440e-16  1.00000000e+00 -2.22044605e-16]
 [ 0.00000000e+00  0.00000000e+00  1.00000000e+00]]
2025-08-02 14:13:30,576 - INFO - [EGO] Tego (Ego-Motion Transform):
[[ 1.00000000e+00 -1.01593440e-16 -5.29090660e-17]
 [ 1.01593440e-16  1.00000000e+00  2.22044605e-16]
 [ 0.00000000e+00  0.00000000e+00  1.00000000e+00]]
2025-08-02 14:13:30,576 - INFO - [EGO] Cumulative Ego Transform:
[[ 1.00000000e+00  4.16038404e-16  4.77048956e-17]
 [-4.16038404e-16  1.00000000e+00  3.33066907e-16]
 [ 0.00000000e+00  0.00000000e+00  1.00000000e+00]]
2025-08-02 14:13:30,577 - INFO - History Product (Validation): [[ 1.00000000e+00  4.16038404e-16  4.77048956e-17]
 [-4.16038404e-16  1.00000000e+00  3.33066907e-16]
 [ 0.00000000e+00  0.00000000e+00  1.00000000e+00]]
2025-08-02 14:13:30,577 - INFO - [Distance] Step=0.0000 m | Cumulative=0.0000 m
2025-08-02 14:13:30,631 - INFO - 
--- Frame Update #10 ---
2025-08-02 14:13:30,631 - INFO - [ICP] Ticp (Environment Transform):
[[ 1.00000000e+00  1.01593440e-16  5.29090660e-17]
 [-1.01593440e-16  1.00000000e+00 -2.22044605e-16]
 [ 0.00000000e+00  0.00000000e+00  1.00000000e+00]]
2025-08-02 14:13:30,631 - INFO - [EGO] Tego (Ego-Motion Transform):
[[ 1.00000000e+00 -1.01593440e-16 -5.29090660e-17]
 [ 1.01593440e-16  1.00000000e+00  2.22044605e-16]
 [ 0.00000000e+00  0.00000000e+00  1.00000000e+00]]
2025-08-02 14:13:30,632 - INFO - [EGO] Cumulative Ego Transform:
[[ 1.00000000e+00  3.14444964e-16 -5.20417043e-18]
 [-3.14444964e-16  1.00000000e+00  5.55111512e-16]
 [ 0.00000000e+00  0.00000000e+00  1.00000000e+00]]
2025-08-02 14:13:30,632 - INFO - History Product (Validation): [[ 1.00000000e+00  3.14444964e-16 -5.20417043e-18]
 [-3.14444964e-16  1.00000000e+00  5.55111512e-16]
 [ 0.00000000e+00  0.00000000e+00  1.00000000e+00]]
2025-08-02 14:13:30,632 - INFO - [Distance] Step=0.0000 m | Cumulative=0.0000 m
2025-08-02 14:13:30,699 - INFO - 
--- Frame Update #11 ---
2025-08-02 14:13:30,699 - INFO - [ICP] Ticp (Environment Transform):
[[ 1.00000000e+00  1.01593440e-16  5.29090660e-17]
 [-1.01593440e-16  1.00000000e+00 -2.22044605e-16]
 [ 0.00000000e+00  0.00000000e+00  1.00000000e+00]]
2025-08-02 14:13:30,699 - INFO - [EGO] Tego (Ego-Motion Transform):
[[ 1.00000000e+00 -1.01593440e-16 -5.29090660e-17]
 [ 1.01593440e-16  1.00000000e+00  2.22044605e-16]
 [ 0.00000000e+00  0.00000000e+00  1.00000000e+00]]
2025-08-02 14:13:30,699 - INFO - [EGO] Cumulative Ego Transform:
[[ 1.00000000e+00  2.12851525e-16 -5.81132364e-17]
 [-2.12851525e-16  1.00000000e+00  7.77156117e-16]
 [ 0.00000000e+00  0.00000000e+00  1.00000000e+00]]
2025-08-02 14:13:30,699 - INFO - History Product (Validation): [[ 1.00000000e+00  2.12851525e-16 -5.81132364e-17]
 [-2.12851525e-16  1.00000000e+00  7.77156117e-16]
 [ 0.00000000e+00  0.00000000e+00  1.00000000e+00]]
2025-08-02 14:13:30,700 - INFO - [Distance] Step=0.0000 m | Cumulative=0.0000 m
2025-08-02 14:13:30,760 - INFO - 
--- Frame Update #12 ---
2025-08-02 14:13:30,761 - INFO - [ICP] Ticp (Environment Transform):
[[ 1.00000000e+00  1.07397777e-16 -4.16333634e-17]
 [-1.07397777e-16  1.00000000e+00  0.00000000e+00]
 [ 0.00000000e+00  0.00000000e+00  1.00000000e+00]]
2025-08-02 14:13:30,761 - INFO - [EGO] Tego (Ego-Motion Transform):
[[ 1.00000000e+00 -1.07397777e-16  4.16333634e-17]
 [ 1.07397777e-16  1.00000000e+00  4.47133068e-33]
 [ 0.00000000e+00  0.00000000e+00  1.00000000e+00]]
2025-08-02 14:13:30,761 - INFO - [EGO] Cumulative Ego Transform:
[[ 1.00000000e+00  1.05453748e-16 -1.64798730e-17]
 [-1.05453748e-16  1.00000000e+00  7.77156117e-16]
 [ 0.00000000e+00  0.00000000e+00  1.00000000e+00]]
2025-08-02 14:13:30,761 - INFO - History Product (Validation): [[ 1.00000000e+00  1.05453748e-16 -1.64798730e-17]
 [-1.05453748e-16  1.00000000e+00  7.77156117e-16]
 [ 0.00000000e+00  0.00000000e+00  1.00000000e+00]]
2025-08-02 14:13:30,761 - INFO - [Distance] Step=0.0000 m | Cumulative=0.0000 m
2025-08-02 14:13:30,820 - INFO - 
--- Frame Update #13 ---
2025-08-02 14:13:30,820 - INFO - [ICP] Ticp (Environment Transform):
[[ 1.00000000e+00  1.07397777e-16 -4.16333634e-17]
 [-1.07397777e-16  1.00000000e+00  0.00000000e+00]
 [ 0.00000000e+00  0.00000000e+00  1.00000000e+00]]
2025-08-02 14:13:30,820 - INFO - [EGO] Tego (Ego-Motion Transform):
[[ 1.00000000e+00 -1.07397777e-16  4.16333634e-17]
 [ 1.07397777e-16  1.00000000e+00  4.47133068e-33]
 [ 0.00000000e+00  0.00000000e+00  1.00000000e+00]]
2025-08-02 14:13:30,820 - INFO - [EGO] Cumulative Ego Transform:
[[ 1.00000000e+00 -1.94402949e-18  2.51534904e-17]
 [ 1.94402949e-18  1.00000000e+00  7.77156117e-16]
 [ 0.00000000e+00  0.00000000e+00  1.00000000e+00]]
2025-08-02 14:13:30,820 - INFO - History Product (Validation): [[ 1.00000000e+00 -1.94402949e-18  2.51534904e-17]
 [ 1.94402949e-18  1.00000000e+00  7.77156117e-16]
 [ 0.00000000e+00  0.00000000e+00  1.00000000e+00]]
2025-08-02 14:13:30,821 - INFO - [Distance] Step=0.0000 m | Cumulative=0.0000 m
2025-08-02 14:13:30,882 - INFO - 
--- Frame Update #14 ---
2025-08-02 14:13:30,882 - INFO - [ICP] Ticp (Environment Transform):
[[ 1.00000000e+00  1.07397777e-16 -4.16333634e-17]
 [-1.07397777e-16  1.00000000e+00  0.00000000e+00]
 [ 0.00000000e+00  0.00000000e+00  1.00000000e+00]]
2025-08-02 14:13:30,882 - INFO - [EGO] Tego (Ego-Motion Transform):
[[ 1.00000000e+00 -1.07397777e-16  4.16333634e-17]
 [ 1.07397777e-16  1.00000000e+00  4.47133068e-33]
 [ 0.00000000e+00  0.00000000e+00  1.00000000e+00]]
2025-08-02 14:13:30,883 - INFO - [EGO] Cumulative Ego Transform:
[[ 1.00000000e+00 -1.09341807e-16  6.67868538e-17]
 [ 1.09341807e-16  1.00000000e+00  7.77156117e-16]
 [ 0.00000000e+00  0.00000000e+00  1.00000000e+00]]
2025-08-02 14:13:30,883 - INFO - History Product (Validation): [[ 1.00000000e+00 -1.09341807e-16  6.67868538e-17]
 [ 1.09341807e-16  1.00000000e+00  7.77156117e-16]
 [ 0.00000000e+00  0.00000000e+00  1.00000000e+00]]
2025-08-02 14:13:30,883 - INFO - [Distance] Step=0.0000 m | Cumulative=0.0000 m
2025-08-02 14:13:30,946 - INFO - 
--- Frame Update #15 ---
2025-08-02 14:13:30,946 - INFO - [ICP] Ticp (Environment Transform):
[[ 1.00000000e+00  3.90069360e-18 -4.85722573e-17]
 [-3.90069360e-18  1.00000000e+00 -1.11022302e-16]
 [ 0.00000000e+00  0.00000000e+00  1.00000000e+00]]
2025-08-02 14:13:30,946 - INFO - [EGO] Tego (Ego-Motion Transform):
[[ 1.00000000e+00 -3.90069360e-18  4.85722573e-17]
 [ 3.90069360e-18  1.00000000e+00  1.11022302e-16]
 [ 0.00000000e+00  0.00000000e+00  1.00000000e+00]]
2025-08-02 14:13:30,946 - INFO - [EGO] Cumulative Ego Transform:
[[ 1.00000000e+00 -1.13242500e-16  1.15359111e-16]
 [ 1.13242500e-16  1.00000000e+00  8.88178420e-16]
 [ 0.00000000e+00  0.00000000e+00  1.00000000e+00]]
2025-08-02 14:13:30,946 - INFO - History Product (Validation): [[ 1.00000000e+00 -1.13242500e-16  1.15359111e-16]
 [ 1.13242500e-16  1.00000000e+00  8.88178420e-16]
 [ 0.00000000e+00  0.00000000e+00  1.00000000e+00]]
2025-08-02 14:13:30,946 - INFO - [Distance] Step=0.0000 m | Cumulative=0.0000 m
2025-08-02 14:13:31,009 - INFO - 
--- Frame Update #16 ---
2025-08-02 14:13:31,009 - INFO - [ICP] Ticp (Environment Transform):
[[ 1.00000000e+00  3.90069360e-18 -4.85722573e-17]
 [-3.90069360e-18  1.00000000e+00 -1.11022302e-16]
 [ 0.00000000e+00  0.00000000e+00  1.00000000e+00]]
2025-08-02 14:13:31,009 - INFO - [EGO] Tego (Ego-Motion Transform):
[[ 1.00000000e+00 -3.90069360e-18  4.85722573e-17]
 [ 3.90069360e-18  1.00000000e+00  1.11022302e-16]
 [ 0.00000000e+00  0.00000000e+00  1.00000000e+00]]
2025-08-02 14:13:31,009 - INFO - [EGO] Cumulative Ego Transform:
[[ 1.00000000e+00 -1.17143194e-16  1.63931368e-16]
 [ 1.17143194e-16  1.00000000e+00  9.99200722e-16]
 [ 0.00000000e+00  0.00000000e+00  1.00000000e+00]]
2025-08-02 14:13:31,009 - INFO - History Product (Validation): [[ 1.00000000e+00 -1.17143194e-16  1.63931368e-16]
 [ 1.17143194e-16  1.00000000e+00  9.99200722e-16]
 [ 0.00000000e+00  0.00000000e+00  1.00000000e+00]]
2025-08-02 14:13:31,010 - INFO - [Distance] Step=0.0000 m | Cumulative=0.0000 m
2025-08-02 14:13:32,880 - INFO - 
--- Frame Update #17 ---
2025-08-02 14:13:32,880 - INFO - [ICP] Ticp (Environment Transform):
[[ 1.00000000e+00 -5.41366335e-17 -5.20417043e-18]
 [ 5.41366335e-17  1.00000000e+00 -1.11022302e-16]
 [ 0.00000000e+00  0.00000000e+00  1.00000000e+00]]
2025-08-02 14:13:32,880 - INFO - [EGO] Tego (Ego-Motion Transform):
[[ 1.00000000e+00  5.41366335e-17  5.20417043e-18]
 [-5.41366335e-17  1.00000000e+00  1.11022302e-16]
 [ 0.00000000e+00  0.00000000e+00  1.00000000e+00]]
2025-08-02 14:13:32,881 - INFO - [EGO] Cumulative Ego Transform:
[[ 1.00000000e+00 -6.30065602e-17  1.69135539e-16]
 [ 6.30065602e-17  1.00000000e+00  1.11022302e-15]
 [ 0.00000000e+00  0.00000000e+00  1.00000000e+00]]
2025-08-02 14:13:32,881 - INFO - History Product (Validation): [[ 1.00000000e+00 -6.30065602e-17  1.69135539e-16]
 [ 6.30065602e-17  1.00000000e+00  1.11022302e-15]
 [ 0.00000000e+00  0.00000000e+00  1.00000000e+00]]
2025-08-02 14:13:32,881 - INFO - [Distance] Step=0.0000 m | Cumulative=0.0000 m
2025-08-02 14:13:32,945 - INFO - 
--- Frame Update #18 ---
2025-08-02 14:13:32,946 - INFO - [ICP] Ticp (Environment Transform):
[[ 1.00000000e+00 -5.74516962e-17  2.94902991e-17]
 [ 5.74516962e-17  1.00000000e+00 -2.22044605e-16]
 [ 0.00000000e+00  0.00000000e+00  1.00000000e+00]]
2025-08-02 14:13:32,946 - INFO - [EGO] Tego (Ego-Motion Transform):
[[ 1.00000000e+00  5.74516962e-17 -2.94902991e-17]
 [-5.74516962e-17  1.00000000e+00  2.22044605e-16]
 [ 0.00000000e+00  0.00000000e+00  1.00000000e+00]]
2025-08-02 14:13:32,946 - INFO - [EGO] Cumulative Ego Transform:
[[ 1.00000000e+00 -5.55486400e-18  1.39645240e-16]
 [ 5.55486400e-18  1.00000000e+00  1.33226763e-15]
 [ 0.00000000e+00  0.00000000e+00  1.00000000e+00]]
2025-08-02 14:13:32,946 - INFO - History Product (Validation): [[ 1.00000000e+00 -5.55486400e-18  1.39645240e-16]
 [ 5.55486400e-18  1.00000000e+00  1.33226763e-15]
 [ 0.00000000e+00  0.00000000e+00  1.00000000e+00]]
2025-08-02 14:13:32,946 - INFO - [Distance] Step=0.0000 m | Cumulative=0.0000 m
2025-08-02 14:13:33,009 - INFO - 
--- Frame Update #19 ---
2025-08-02 14:13:33,009 - INFO - [ICP] Ticp (Environment Transform):
[[ 1.00000000e+00  1.36575004e-17  1.38777878e-17]
 [-1.36575004e-17  1.00000000e+00  0.00000000e+00]
 [ 0.00000000e+00  0.00000000e+00  1.00000000e+00]]
2025-08-02 14:13:33,009 - INFO - [EGO] Tego (Ego-Motion Transform):
[[ 1.00000000e+00 -1.36575004e-17 -1.38777878e-17]
 [ 1.36575004e-17  1.00000000e+00 -1.89535892e-34]
 [ 0.00000000e+00  0.00000000e+00  1.00000000e+00]]
2025-08-02 14:13:33,009 - INFO - [EGO] Cumulative Ego Transform:
[[ 1.00000000e+00 -1.92123644e-17  1.25767452e-16]
 [ 1.92123644e-17  1.00000000e+00  1.33226763e-15]
 [ 0.00000000e+00  0.00000000e+00  1.00000000e+00]]
2025-08-02 14:13:33,009 - INFO - History Product (Validation): [[ 1.00000000e+00 -1.92123644e-17  1.25767452e-16]
 [ 1.92123644e-17  1.00000000e+00  1.33226763e-15]
 [ 0.00000000e+00  0.00000000e+00  1.00000000e+00]]
2025-08-02 14:13:33,009 - INFO - [Distance] Step=0.0000 m | Cumulative=0.0000 m
2025-08-02 14:13:33,073 - INFO - 
--- Frame Update #20 ---
2025-08-02 14:13:33,073 - INFO - [ICP] Ticp (Environment Transform):
[[ 1.00000000e+00 -1.77318038e-17 -6.24500451e-17]
 [ 1.77318038e-17  1.00000000e+00  2.22044605e-16]
 [ 0.00000000e+00  0.00000000e+00  1.00000000e+00]]
2025-08-02 14:13:33,073 - INFO - [EGO] Tego (Ego-Motion Transform):
[[ 1.00000000e+00  1.77318038e-17  6.24500451e-17]
 [-1.77318038e-17  1.00000000e+00 -2.22044605e-16]
 [ 0.00000000e+00  0.00000000e+00  1.00000000e+00]]
2025-08-02 14:13:33,073 - INFO - [EGO] Cumulative Ego Transform:
[[ 1.00000000e+00 -1.48056058e-18  1.88217497e-16]
 [ 1.48056058e-18  1.00000000e+00  1.11022302e-15]
 [ 0.00000000e+00  0.00000000e+00  1.00000000e+00]]
2025-08-02 14:13:33,074 - INFO - History Product (Validation): [[ 1.00000000e+00 -1.48056058e-18  1.88217497e-16]
 [ 1.48056058e-18  1.00000000e+00  1.11022302e-15]
 [ 0.00000000e+00  0.00000000e+00  1.00000000e+00]]
2025-08-02 14:13:33,074 - INFO - [Distance] Step=0.0000 m | Cumulative=0.0000 m
2025-08-02 14:13:33,135 - INFO - 
--- Frame Update #21 ---
2025-08-02 14:13:33,135 - INFO - [ICP] Ticp (Environment Transform):
[[ 1.00000000e+00 -2.61805909e-17  1.80411242e-16]
 [ 2.61805909e-17  1.00000000e+00 -2.22044605e-16]
 [ 0.00000000e+00  0.00000000e+00  1.00000000e+00]]
2025-08-02 14:13:33,135 - INFO - [EGO] Tego (Ego-Motion Transform):
[[ 1.00000000e+00  2.61805909e-17 -1.80411242e-16]
 [-2.61805909e-17  1.00000000e+00  2.22044605e-16]
 [ 0.00000000e+00  0.00000000e+00  1.00000000e+00]]
2025-08-02 14:13:33,135 - INFO - [EGO] Cumulative Ego Transform:
[[ 1.00000000e+00  2.47000303e-17  7.80625564e-18]
 [-2.47000303e-17  1.00000000e+00  1.33226763e-15]
 [ 0.00000000e+00  0.00000000e+00  1.00000000e+00]]
2025-08-02 14:13:33,135 - INFO - History Product (Validation): [[ 1.00000000e+00  2.47000303e-17  7.80625564e-18]
 [-2.47000303e-17  1.00000000e+00  1.33226763e-15]
 [ 0.00000000e+00  0.00000000e+00  1.00000000e+00]]
2025-08-02 14:13:33,135 - INFO - [Distance] Step=0.0000 m | Cumulative=0.0000 m
2025-08-02 14:13:33,196 - INFO - 
--- Frame Update #22 ---
2025-08-02 14:13:33,196 - INFO - [ICP] Ticp (Environment Transform):
[[ 1.00000000e+00 -1.25511229e-17  4.16333634e-17]
 [ 1.25511229e-17  1.00000000e+00 -2.22044605e-16]
 [ 0.00000000e+00  0.00000000e+00  1.00000000e+00]]
2025-08-02 14:13:33,196 - INFO - [EGO] Tego (Ego-Motion Transform):
[[ 1.00000000e+00  1.25511229e-17 -4.16333634e-17]
 [-1.25511229e-17  1.00000000e+00  2.22044605e-16]
 [ 0.00000000e+00  0.00000000e+00  1.00000000e+00]]
2025-08-02 14:13:33,196 - INFO - [EGO] Cumulative Ego Transform:
[[ 1.00000000e+00  3.72511532e-17 -3.38271078e-17]
 [-3.72511532e-17  1.00000000e+00  1.55431223e-15]
 [ 0.00000000e+00  0.00000000e+00  1.00000000e+00]]
2025-08-02 14:13:33,197 - INFO - History Product (Validation): [[ 1.00000000e+00  3.72511532e-17 -3.38271078e-17]
 [-3.72511532e-17  1.00000000e+00  1.55431223e-15]
 [ 0.00000000e+00  0.00000000e+00  1.00000000e+00]]
2025-08-02 14:13:33,197 - INFO - [Distance] Step=0.0000 m | Cumulative=0.0000 m
2025-08-02 14:13:33,257 - INFO - 
--- Frame Update #23 ---
2025-08-02 14:13:33,257 - INFO - [ICP] Ticp (Environment Transform):
[[ 1.00000000e+00  3.62583743e-17 -2.77555756e-17]
 [-3.62583743e-17  1.00000000e+00  0.00000000e+00]
 [ 0.00000000e+00  0.00000000e+00  1.00000000e+00]]
2025-08-02 14:13:33,257 - INFO - [EGO] Tego (Ego-Motion Transform):
[[ 1.00000000e+00 -3.62583743e-17  2.77555756e-17]
 [ 3.62583743e-17  1.00000000e+00  1.00637205e-33]
 [ 0.00000000e+00  0.00000000e+00  1.00000000e+00]]
2025-08-02 14:13:33,257 - INFO - [EGO] Cumulative Ego Transform:
[[ 1.00000000e+00  9.92778884e-19 -6.07153217e-18]
 [-9.92778884e-19  1.00000000e+00  1.55431223e-15]
 [ 0.00000000e+00  0.00000000e+00  1.00000000e+00]]
2025-08-02 14:13:33,257 - INFO - History Product (Validation): [[ 1.00000000e+00  9.92778884e-19 -6.07153217e-18]
 [-9.92778884e-19  1.00000000e+00  1.55431223e-15]
 [ 0.00000000e+00  0.00000000e+00  1.00000000e+00]]
2025-08-02 14:13:33,257 - INFO - [Distance] Step=0.0000 m | Cumulative=0.0000 m
2025-08-02 14:13:33,329 - INFO - 
--- Frame Update #24 ---
2025-08-02 14:13:33,329 - INFO - [ICP] Ticp (Environment Transform):
[[ 1.00000000e+00  4.10402674e-17 -1.94289029e-16]
 [-4.10402674e-17  1.00000000e+00  0.00000000e+00]
 [ 0.00000000e+00  0.00000000e+00  1.00000000e+00]]
2025-08-02 14:13:33,329 - INFO - [EGO] Tego (Ego-Motion Transform):
[[ 1.00000000e+00 -4.10402674e-17  1.94289029e-16]
 [ 4.10402674e-17  1.00000000e+00  7.97367372e-33]
 [ 0.00000000e+00  0.00000000e+00  1.00000000e+00]]
2025-08-02 14:13:33,330 - INFO - [EGO] Cumulative Ego Transform:
[[ 1.00000000e+00 -4.00474885e-17  1.88217497e-16]
 [ 4.00474885e-17  1.00000000e+00  1.55431223e-15]
 [ 0.00000000e+00  0.00000000e+00  1.00000000e+00]]
2025-08-02 14:13:33,330 - INFO - History Product (Validation): [[ 1.00000000e+00 -4.00474885e-17  1.88217497e-16]
 [ 4.00474885e-17  1.00000000e+00  1.55431223e-15]
 [ 0.00000000e+00  0.00000000e+00  1.00000000e+00]]
2025-08-02 14:13:33,330 - INFO - [Distance] Step=0.0000 m | Cumulative=0.0000 m
2025-08-02 14:13:33,392 - INFO - 
--- Frame Update #25 ---
2025-08-02 14:13:33,392 - INFO - [ICP] Ticp (Environment Transform):
[[ 1.00000000e+00 -2.16962417e-17  0.00000000e+00]
 [ 2.16962417e-17  1.00000000e+00  0.00000000e+00]
 [ 0.00000000e+00  0.00000000e+00  1.00000000e+00]]
2025-08-02 14:13:33,392 - INFO - [EGO] Tego (Ego-Motion Transform):
[[ 1.00000000e+00  2.16962417e-17 -0.00000000e+00]
 [-2.16962417e-17  1.00000000e+00  0.00000000e+00]
 [ 0.00000000e+00  0.00000000e+00  1.00000000e+00]]
2025-08-02 14:13:33,393 - INFO - [EGO] Cumulative Ego Transform:
[[ 1.00000000e+00 -1.83512468e-17  1.88217497e-16]
 [ 1.83512468e-17  1.00000000e+00  1.55431223e-15]
 [ 0.00000000e+00  0.00000000e+00  1.00000000e+00]]
2025-08-02 14:13:33,393 - INFO - History Product (Validation): [[ 1.00000000e+00 -1.83512468e-17  1.88217497e-16]
 [ 1.83512468e-17  1.00000000e+00  1.55431223e-15]
 [ 0.00000000e+00  0.00000000e+00  1.00000000e+00]]
2025-08-02 14:13:33,393 - INFO - [Distance] Step=0.0000 m | Cumulative=0.0000 m
2025-08-02 14:13:33,452 - INFO - 
--- Frame Update #26 ---
2025-08-02 14:13:33,452 - INFO - [ICP] Ticp (Environment Transform):
[[ 1.00000000e+00  3.77474904e-17 -8.32667268e-17]
 [-3.77474904e-17  1.00000000e+00  0.00000000e+00]
 [ 0.00000000e+00  0.00000000e+00  1.00000000e+00]]
2025-08-02 14:13:33,453 - INFO - [EGO] Tego (Ego-Motion Transform):
[[ 1.00000000e+00 -3.77474904e-17  8.32667268e-17]
 [ 3.77474904e-17  1.00000000e+00  3.14310997e-33]
 [ 0.00000000e+00  0.00000000e+00  1.00000000e+00]]
2025-08-02 14:13:33,453 - INFO - [EGO] Cumulative Ego Transform:
[[ 1.00000000e+00 -5.60987373e-17  2.71484224e-16]
 [ 5.60987373e-17  1.00000000e+00  1.55431223e-15]
 [ 0.00000000e+00  0.00000000e+00  1.00000000e+00]]
2025-08-02 14:13:33,453 - INFO - History Product (Validation): [[ 1.00000000e+00 -5.60987373e-17  2.71484224e-16]
 [ 5.60987373e-17  1.00000000e+00  1.55431223e-15]
 [ 0.00000000e+00  0.00000000e+00  1.00000000e+00]]
2025-08-02 14:13:33,453 - INFO - [Distance] Step=0.0000 m | Cumulative=0.0000 m
2025-08-02 14:13:33,512 - INFO - 
--- Frame Update #27 ---
2025-08-02 14:13:33,512 - INFO - [ICP] Ticp (Environment Transform):
[[ 1.00000000e+00  1.01234000e-16 -2.77555756e-17]
 [-1.01234000e-16  1.00000000e+00  2.22044605e-16]
 [ 0.00000000e+00  0.00000000e+00  1.00000000e+00]]
2025-08-02 14:13:33,512 - INFO - [EGO] Tego (Ego-Motion Transform):
[[ 1.00000000e+00 -1.01234000e-16  2.77555756e-17]
 [ 1.01234000e-16  1.00000000e+00 -2.22044605e-16]
 [ 0.00000000e+00  0.00000000e+00  1.00000000e+00]]
2025-08-02 14:13:33,512 - INFO - [EGO] Cumulative Ego Transform:
[[ 1.00000000e+00 -1.57332737e-16  2.99239800e-16]
 [ 1.57332737e-16  1.00000000e+00  1.33226763e-15]
 [ 0.00000000e+00  0.00000000e+00  1.00000000e+00]]
2025-08-02 14:13:33,513 - INFO - History Product (Validation): [[ 1.00000000e+00 -1.57332737e-16  2.99239800e-16]
 [ 1.57332737e-16  1.00000000e+00  1.33226763e-15]
 [ 0.00000000e+00  0.00000000e+00  1.00000000e+00]]
2025-08-02 14:13:33,513 - INFO - [Distance] Step=0.0000 m | Cumulative=0.0000 m
2025-08-02 14:13:33,569 - INFO - 
--- Frame Update #28 ---
2025-08-02 14:13:33,569 - INFO - [ICP] Ticp (Environment Transform):
[[ 1.00000000e+00  1.95288228e-17  2.77555756e-17]
 [-1.95288228e-17  1.00000000e+00  2.22044605e-16]
 [ 0.00000000e+00  0.00000000e+00  1.00000000e+00]]
2025-08-02 14:13:33,569 - INFO - [EGO] Tego (Ego-Motion Transform):
[[ 1.00000000e+00 -1.95288228e-17 -2.77555756e-17]
 [ 1.95288228e-17  1.00000000e+00 -2.22044605e-16]
 [ 0.00000000e+00  0.00000000e+00  1.00000000e+00]]
2025-08-02 14:13:33,569 - INFO - [EGO] Cumulative Ego Transform:
[[ 1.00000000e+00 -1.76861560e-16  2.71484224e-16]
 [ 1.76861560e-16  1.00000000e+00  1.11022302e-15]
 [ 0.00000000e+00  0.00000000e+00  1.00000000e+00]]
2025-08-02 14:13:33,570 - INFO - History Product (Validation): [[ 1.00000000e+00 -1.76861560e-16  2.71484224e-16]
 [ 1.76861560e-16  1.00000000e+00  1.11022302e-15]
 [ 0.00000000e+00  0.00000000e+00  1.00000000e+00]]
2025-08-02 14:13:33,570 - INFO - [Distance] Step=0.0000 m | Cumulative=0.0000 m
2025-08-02 14:13:33,633 - INFO - 
--- Frame Update #29 ---
2025-08-02 14:13:33,633 - INFO - [ICP] Ticp (Environment Transform):
[[ 1.00000000e+00  1.95288228e-17  2.77555756e-17]
 [-1.95288228e-17  1.00000000e+00  2.22044605e-16]
 [ 0.00000000e+00  0.00000000e+00  1.00000000e+00]]
2025-08-02 14:13:33,633 - INFO - [EGO] Tego (Ego-Motion Transform):
[[ 1.00000000e+00 -1.95288228e-17 -2.77555756e-17]
 [ 1.95288228e-17  1.00000000e+00 -2.22044605e-16]
 [ 0.00000000e+00  0.00000000e+00  1.00000000e+00]]
2025-08-02 14:13:33,633 - INFO - [EGO] Cumulative Ego Transform:
[[ 1.00000000e+00 -1.96390383e-16  2.43728648e-16]
 [ 1.96390383e-16  1.00000000e+00  8.88178420e-16]
 [ 0.00000000e+00  0.00000000e+00  1.00000000e+00]]
2025-08-02 14:13:33,634 - INFO - History Product (Validation): [[ 1.00000000e+00 -1.96390383e-16  2.43728648e-16]
 [ 1.96390383e-16  1.00000000e+00  8.88178420e-16]
 [ 0.00000000e+00  0.00000000e+00  1.00000000e+00]]
2025-08-02 14:13:33,634 - INFO - [Distance] Step=0.0000 m | Cumulative=0.0000 m
2025-08-02 14:13:33,695 - INFO - 
--- Frame Update #30 ---
2025-08-02 14:13:33,695 - INFO - [ICP] Ticp (Environment Transform):
[[ 1.00000000e+00  7.83803837e-18  1.38777878e-16]
 [-7.83803837e-18  1.00000000e+00  0.00000000e+00]
 [ 0.00000000e+00  0.00000000e+00  1.00000000e+00]]
2025-08-02 14:13:33,695 - INFO - [EGO] Tego (Ego-Motion Transform):
[[ 1.00000000e+00 -7.83803837e-18 -1.38777878e-16]
 [ 7.83803837e-18  1.00000000e+00 -1.08774633e-33]
 [ 0.00000000e+00  0.00000000e+00  1.00000000e+00]]
2025-08-02 14:13:33,695 - INFO - [EGO] Cumulative Ego Transform:
[[ 1.00000000e+00 -2.04228421e-16  1.04950770e-16]
 [ 2.04228421e-16  1.00000000e+00  8.88178420e-16]
 [ 0.00000000e+00  0.00000000e+00  1.00000000e+00]]
2025-08-02 14:13:33,695 - INFO - History Product (Validation): [[ 1.00000000e+00 -2.04228421e-16  1.04950770e-16]
 [ 2.04228421e-16  1.00000000e+00  8.88178420e-16]
 [ 0.00000000e+00  0.00000000e+00  1.00000000e+00]]
2025-08-02 14:13:33,695 - INFO - [Distance] Step=0.0000 m | Cumulative=0.0000 m
2025-08-02 14:13:33,761 - INFO - 
--- Frame Update #31 ---
2025-08-02 14:13:33,761 - INFO - [ICP] Ticp (Environment Transform):
[[ 1.00000000e+00  7.83803837e-18  1.38777878e-16]
 [-7.83803837e-18  1.00000000e+00  0.00000000e+00]
 [ 0.00000000e+00  0.00000000e+00  1.00000000e+00]]
2025-08-02 14:13:33,761 - INFO - [EGO] Tego (Ego-Motion Transform):
[[ 1.00000000e+00 -7.83803837e-18 -1.38777878e-16]
 [ 7.83803837e-18  1.00000000e+00 -1.08774633e-33]
 [ 0.00000000e+00  0.00000000e+00  1.00000000e+00]]
2025-08-02 14:13:33,761 - INFO - [EGO] Cumulative Ego Transform:
[[ 1.00000000e+00 -2.12066459e-16 -3.38271078e-17]
 [ 2.12066459e-16  1.00000000e+00  8.88178420e-16]
 [ 0.00000000e+00  0.00000000e+00  1.00000000e+00]]
2025-08-02 14:13:33,762 - INFO - History Product (Validation): [[ 1.00000000e+00 -2.12066459e-16 -3.38271078e-17]
 [ 2.12066459e-16  1.00000000e+00  8.88178420e-16]
 [ 0.00000000e+00  0.00000000e+00  1.00000000e+00]]
2025-08-02 14:13:33,762 - INFO - [Distance] Step=0.0000 m | Cumulative=0.0000 m
2025-08-02 14:13:33,825 - INFO - 
--- Frame Update #32 ---
2025-08-02 14:13:33,825 - INFO - [ICP] Ticp (Environment Transform):
[[ 1.00000000e+00  1.00421263e-16 -2.49800181e-16]
 [-1.00421263e-16  1.00000000e+00  2.22044605e-16]
 [ 0.00000000e+00  0.00000000e+00  1.00000000e+00]]
2025-08-02 14:13:33,825 - INFO - [EGO] Tego (Ego-Motion Transform):
[[ 1.00000000e+00 -1.00421263e-16  2.49800181e-16]
 [ 1.00421263e-16  1.00000000e+00 -2.22044605e-16]
 [ 0.00000000e+00  0.00000000e+00  1.00000000e+00]]
2025-08-02 14:13:33,825 - INFO - [EGO] Cumulative Ego Transform:
[[ 1.00000000e+00 -3.12487723e-16  2.15973073e-16]
 [ 3.12487723e-16  1.00000000e+00  6.66133815e-16]
 [ 0.00000000e+00  0.00000000e+00  1.00000000e+00]]
2025-08-02 14:13:33,826 - INFO - History Product (Validation): [[ 1.00000000e+00 -3.12487723e-16  2.15973073e-16]
 [ 3.12487723e-16  1.00000000e+00  6.66133815e-16]
 [ 0.00000000e+00  0.00000000e+00  1.00000000e+00]]
2025-08-02 14:13:33,826 - INFO - [Distance] Step=0.0000 m | Cumulative=0.0000 m
2025-08-02 14:13:33,889 - INFO - 
--- Frame Update #33 ---
2025-08-02 14:13:33,889 - INFO - [ICP] Ticp (Environment Transform):
[[ 1.00000000e+00  1.00421263e-16 -2.49800181e-16]
 [-1.00421263e-16  1.00000000e+00  2.22044605e-16]
 [ 0.00000000e+00  0.00000000e+00  1.00000000e+00]]
2025-08-02 14:13:33,889 - INFO - [EGO] Tego (Ego-Motion Transform):
[[ 1.00000000e+00 -1.00421263e-16  2.49800181e-16]
 [ 1.00421263e-16  1.00000000e+00 -2.22044605e-16]
 [ 0.00000000e+00  0.00000000e+00  1.00000000e+00]]
2025-08-02 14:13:33,889 - INFO - [EGO] Cumulative Ego Transform:
[[ 1.00000000e+00 -4.12908986e-16  4.65773253e-16]
 [ 4.12908986e-16  1.00000000e+00  4.44089210e-16]
 [ 0.00000000e+00  0.00000000e+00  1.00000000e+00]]
2025-08-02 14:13:33,889 - INFO - History Product (Validation): [[ 1.00000000e+00 -4.12908986e-16  4.65773253e-16]
 [ 4.12908986e-16  1.00000000e+00  4.44089210e-16]
 [ 0.00000000e+00  0.00000000e+00  1.00000000e+00]]
2025-08-02 14:13:33,889 - INFO - [Distance] Step=0.0000 m | Cumulative=0.0000 m
2025-08-02 14:13:33,953 - INFO - 
--- Frame Update #34 ---
2025-08-02 14:13:33,953 - INFO - [ICP] Ticp (Environment Transform):
[[ 1.00000000e+00  2.19940423e-17 -2.77555756e-17]
 [-2.19940423e-17  1.00000000e+00  0.00000000e+00]
 [ 0.00000000e+00  0.00000000e+00  1.00000000e+00]]
2025-08-02 14:13:33,954 - INFO - [EGO] Tego (Ego-Motion Transform):
[[ 1.00000000e+00 -2.19940423e-17  2.77555756e-17]
 [ 2.19940423e-17  1.00000000e+00  6.10457303e-34]
 [ 0.00000000e+00  0.00000000e+00  1.00000000e+00]]
2025-08-02 14:13:33,954 - INFO - [EGO] Cumulative Ego Transform:
[[ 1.00000000e+00 -4.34903028e-16  4.93528829e-16]
 [ 4.34903028e-16  1.00000000e+00  4.44089210e-16]
 [ 0.00000000e+00  0.00000000e+00  1.00000000e+00]]
2025-08-02 14:13:33,954 - INFO - History Product (Validation): [[ 1.00000000e+00 -4.34903028e-16  4.93528829e-16]
 [ 4.34903028e-16  1.00000000e+00  4.44089210e-16]
 [ 0.00000000e+00  0.00000000e+00  1.00000000e+00]]
2025-08-02 14:13:33,954 - INFO - [Distance] Step=0.0000 m | Cumulative=0.0000 m
2025-08-02 14:13:34,015 - INFO - 
--- Frame Update #35 ---
2025-08-02 14:13:34,015 - INFO - [ICP] Ticp (Environment Transform):
[[ 1.00000000e+00  7.09737202e-18 -1.11022302e-16]
 [-7.09737202e-18  1.00000000e+00  4.44089210e-16]
 [ 0.00000000e+00  0.00000000e+00  1.00000000e+00]]
2025-08-02 14:13:34,015 - INFO - [EGO] Tego (Ego-Motion Transform):
[[ 1.00000000e+00 -7.09737202e-18  1.11022302e-16]
 [ 7.09737202e-18  1.00000000e+00 -4.44089210e-16]
 [ 0.00000000e+00  0.00000000e+00  1.00000000e+00]]
2025-08-02 14:13:34,016 - INFO - [EGO] Cumulative Ego Transform:
[[ 1.00000000e+00 -4.42000400e-16  6.04551131e-16]
 [ 4.42000400e-16  1.00000000e+00  2.46519033e-31]
 [ 0.00000000e+00  0.00000000e+00  1.00000000e+00]]
2025-08-02 14:13:34,016 - INFO - History Product (Validation): [[ 1.00000000e+00 -4.42000400e-16  6.04551131e-16]
 [ 4.42000400e-16  1.00000000e+00  2.46519033e-31]
 [ 0.00000000e+00  0.00000000e+00  1.00000000e+00]]
2025-08-02 14:13:34,016 - INFO - [Distance] Step=0.0000 m | Cumulative=0.0000 m
2025-08-02 14:13:34,077 - INFO - 
--- Frame Update #36 ---
2025-08-02 14:13:34,077 - INFO - [ICP] Ticp (Environment Transform):
[[ 1.00000000e+00  7.09737202e-18 -1.11022302e-16]
 [-7.09737202e-18  1.00000000e+00  4.44089210e-16]
 [ 0.00000000e+00  0.00000000e+00  1.00000000e+00]]
2025-08-02 14:13:34,077 - INFO - [EGO] Tego (Ego-Motion Transform):
[[ 1.00000000e+00 -7.09737202e-18  1.11022302e-16]
 [ 7.09737202e-18  1.00000000e+00 -4.44089210e-16]
 [ 0.00000000e+00  0.00000000e+00  1.00000000e+00]]
2025-08-02 14:13:34,077 - INFO - [EGO] Cumulative Ego Transform:
[[ 1.00000000e+00 -4.49097772e-16  7.15573434e-16]
 [ 4.49097772e-16  1.00000000e+00 -4.44089210e-16]
 [ 0.00000000e+00  0.00000000e+00  1.00000000e+00]]
2025-08-02 14:13:34,077 - INFO - History Product (Validation): [[ 1.00000000e+00 -4.49097772e-16  7.15573434e-16]
 [ 4.49097772e-16  1.00000000e+00 -4.44089210e-16]
 [ 0.00000000e+00  0.00000000e+00  1.00000000e+00]]
2025-08-02 14:13:34,077 - INFO - [Distance] Step=0.0000 m | Cumulative=0.0000 m
2025-08-02 14:13:34,140 - INFO - 
--- Frame Update #37 ---
2025-08-02 14:13:34,140 - INFO - [ICP] Ticp (Environment Transform):
[[ 1.00000000e+00 -1.31881140e-17  5.55111512e-17]
 [ 1.31881140e-17  1.00000000e+00 -4.44089210e-16]
 [ 0.00000000e+00  0.00000000e+00  1.00000000e+00]]
2025-08-02 14:13:34,140 - INFO - [EGO] Tego (Ego-Motion Transform):
[[ 1.00000000e+00  1.31881140e-17 -5.55111512e-17]
 [-1.31881140e-17  1.00000000e+00  4.44089210e-16]
 [ 0.00000000e+00  0.00000000e+00  1.00000000e+00]]
2025-08-02 14:13:34,141 - INFO - [EGO] Cumulative Ego Transform:
[[ 1.00000000e+00 -4.35909658e-16  6.60062283e-16]
 [ 4.35909658e-16  1.00000000e+00  2.46519033e-31]
 [ 0.00000000e+00  0.00000000e+00  1.00000000e+00]]
2025-08-02 14:13:34,141 - INFO - History Product (Validation): [[ 1.00000000e+00 -4.35909658e-16  6.60062283e-16]
 [ 4.35909658e-16  1.00000000e+00  2.46519033e-31]
 [ 0.00000000e+00  0.00000000e+00  1.00000000e+00]]
2025-08-02 14:13:34,141 - INFO - [Distance] Step=0.0000 m | Cumulative=0.0000 m
2025-08-02 14:13:34,199 - INFO - 
--- Frame Update #38 ---
2025-08-02 14:13:34,199 - INFO - [ICP] Ticp (Environment Transform):
[[ 1.00000000e+00  1.11153629e-17  5.55111512e-17]
 [-1.11153629e-17  1.00000000e+00  0.00000000e+00]
 [ 0.00000000e+00  0.00000000e+00  1.00000000e+00]]
2025-08-02 14:13:34,199 - INFO - [EGO] Tego (Ego-Motion Transform):
[[ 1.00000000e+00 -1.11153629e-17 -5.55111512e-17]
 [ 1.11153629e-17  1.00000000e+00 -6.17026594e-34]
 [ 0.00000000e+00  0.00000000e+00  1.00000000e+00]]
2025-08-02 14:13:34,200 - INFO - [EGO] Cumulative Ego Transform:
[[ 1.00000000e+00 -4.47025021e-16  6.04551131e-16]
 [ 4.47025021e-16  1.00000000e+00  2.21704159e-31]
 [ 0.00000000e+00  0.00000000e+00  1.00000000e+00]]
2025-08-02 14:13:34,200 - INFO - History Product (Validation): [[ 1.00000000e+00 -4.47025021e-16  6.04551131e-16]
 [ 4.47025021e-16  1.00000000e+00  2.21704159e-31]
 [ 0.00000000e+00  0.00000000e+00  1.00000000e+00]]
2025-08-02 14:13:34,200 - INFO - [Distance] Step=0.0000 m | Cumulative=0.0000 m
2025-08-02 14:13:34,260 - INFO - 
--- Frame Update #39 ---
2025-08-02 14:13:34,260 - INFO - [ICP] Ticp (Environment Transform):
[[ 1.00000000e+00  1.11153629e-17  5.55111512e-17]
 [-1.11153629e-17  1.00000000e+00  0.00000000e+00]
 [ 0.00000000e+00  0.00000000e+00  1.00000000e+00]]
2025-08-02 14:13:34,260 - INFO - [EGO] Tego (Ego-Motion Transform):
[[ 1.00000000e+00 -1.11153629e-17 -5.55111512e-17]
 [ 1.11153629e-17  1.00000000e+00 -6.17026594e-34]
 [ 0.00000000e+00  0.00000000e+00  1.00000000e+00]]
2025-08-02 14:13:34,260 - INFO - [EGO] Cumulative Ego Transform:
[[ 1.00000000e+00 -4.58140384e-16  5.49039980e-16]
 [ 4.58140384e-16  1.00000000e+00  1.96272259e-31]
 [ 0.00000000e+00  0.00000000e+00  1.00000000e+00]]
2025-08-02 14:13:34,260 - INFO - History Product (Validation): [[ 1.00000000e+00 -4.58140384e-16  5.49039980e-16]
 [ 4.58140384e-16  1.00000000e+00  1.96272259e-31]
 [ 0.00000000e+00  0.00000000e+00  1.00000000e+00]]
2025-08-02 14:13:34,260 - INFO - [Distance] Step=0.0000 m | Cumulative=0.0000 m
2025-08-02 14:13:34,324 - INFO - 
--- Frame Update #40 ---
2025-08-02 14:13:34,324 - INFO - [ICP] Ticp (Environment Transform):
[[ 1.00000000e+00  1.35994277e-16 -4.44089210e-16]
 [-1.35994277e-16  1.00000000e+00  2.22044605e-16]
 [ 0.00000000e+00  0.00000000e+00  1.00000000e+00]]
